#<header> v1.0 12 32 </header>
0 0
1 0
2 0
3 0
4 0
5 0
6 0
7 0
8 0
9 0
10 0
11 0
12 0
13 0
14 0
15 0
16 0
17 0
18 0
19 0
20 0
21 6
22 6
23 6
24 0
25 6
26 4
27 2
28 0
29 0
30 4
31 2
32 0
33 0
34 0
35 0
36 0
37 6
38 6
39 6
40 0
41 6
42 4
43 2
44 0
45 0
46 4
47 2
48 0
49 6
50 4
51 2
52 6
53 6
54 6
55 6
56 2
57 6
58 4
59 2
60 2
61 2
62 4
63 2
64 0
65 0
66 0
67 0
68 0
69 6
70 6
71 6
72 0
73 6
74 6
75 2
76 0
77 8
78 6
79 2
80 0
81 6
82 6
83 2
84 6
85 6
86 6
87 6
88 2
89 6
90 6
91 2
92 2
93 2
94 2
95 2
96 0
97 0
98 0
99 0
100 0
101 9
102 0
103 0
104 0
105 8
106 6
107 6
108 0
109 8
110 6
111 6
112 0
113 0
114 0
115 0
116 7
117 6
118 6
119 6
120 0
121 6
122 4
123 2
124 0
125 8
126 4
127 2
128 0
129 0
130 0
131 0
132 0
133 6
134 6
135 6
136 0
137 6
138 4
139 2
140 0
141 0
142 4
143 2
144 0
145 6
146 4
147 2
148 6
149 6
150 6
151 6
152 2
153 6
154 4
155 2
156 2
157 2
158 4
159 2
160 0
161 6
162 4
163 2
164 6
165 6
166 6
167 6
168 2
169 6
170 4
171 2
172 2
173 2
174 4
175 2
176 2
177 6
178 4
179 2
180 6
181 6
182 6
183 6
184 2
185 6
186 4
187 2
188 2
189 2
190 4
191 2
192 0
193 6
194 6
195 2
196 6
197 6
198 6
199 6
200 2
201 6
202 6
203 2
204 2
205 2
206 2
207 2
208 2
209 6
210 6
211 2
212 6
213 6
214 6
215 6
216 2
217 6
218 6
219 2
220 2
221 2
222 2
223 2
224 0
225 0
226 0
227 0
228 0
229 6
230 6
231 6
232 0
233 6
234 4
235 2
236 2
237 2
238 4
239 2
240 0
241 6
242 4
243 2
244 6
245 6
246 6
247 6
248 2
249 6
250 4
251 2
252 2
253 2
254 4
255 2
256 0
257 0
258 0
259 0
260 0
261 6
262 6
263 6
264 0
265 6
266 6
267 6
268 0
269 8
270 6
271 4
272 0
273 6
274 6
275 6
276 6
277 6
278 6
279 6
280 6
281 6
282 6
283 6
284 0
285 6
286 4
287 2
288 0
289 6
290 6
291 6
292 6
293 6
294 6
295 6
296 6
297 6
298 6
299 6
300 2
301 6
302 4
303 2
304 6
305 6
306 6
307 6
308 6
309 6
310 6
311 6
312 6
313 6
314 6
315 6
316 2
317 6
318 4
319 2
320 0
321 6
322 6
323 6
324 6
325 6
326 6
327 6
328 6
329 6
330 6
331 6
332 2
333 6
334 6
335 2
336 6
337 6
338 6
339 6
340 6
341 6
342 6
343 6
344 6
345 6
346 6
347 6
348 2
349 6
350 6
351 2
352 0
353 8
354 6
355 6
356 0
357 6
358 6
359 6
360 6
361 6
362 6
363 6
364 2
365 8
366 6
367 6
368 0
369 6
370 6
371 6
372 6
373 6
374 6
375 6
376 6
377 6
378 6
379 6
380 2
381 6
382 4
383 2
384 0
385 0
386 0
387 0
388 0
389 8
390 8
391 0
392 0
393 8
394 8
395 6
396 0
397 8
398 6
399 6
400 0
401 8
402 8
403 0
404 8
405 8
406 8
407 6
408 8
409 8
410 8
411 2
412 0
413 8
414 4
415 2
416 0
417 8
418 8
419 0
420 8
421 8
422 8
423 6
424 8
425 8
426 8
427 2
428 0
429 8
430 4
431 2
432 8
433 8
434 8
435 2
436 8
437 8
438 8
439 6
440 8
441 8
442 8
443 2
444 2
445 8
446 4
447 2
448 0
449 8
450 8
451 6
452 8
453 8
454 8
455 6
456 8
457 8
458 8
459 2
460 6
461 8
462 8
463 2
464 8
465 8
466 8
467 2
468 8
469 8
470 8
471 6
472 8
473 8
474 8
475 2
476 2
477 8
478 8
479 2
480 0
481 8
482 6
483 6
484 9
485 8
486 8
487 9
488 6
489 8
490 8
491 6
492 6
493 8
494 6
495 6
496 9
497 8
498 8
499 9
500 9
501 8
502 8
503 9
504 8
505 8
506 8
507 2
508 9
509 8
510 4
511 2
512 0
513 0
514 0
515 0
516 0
517 6
518 6
519 6
520 0
521 6
522 4
523 2
524 0
525 0
526 4
527 2
528 0
529 6
530 4
531 2
532 6
533 6
534 6
535 6
536 2
537 6
538 4
539 2
540 2
541 2
542 4
543 2
544 0
545 6
546 4
547 2
548 6
549 6
550 6
551 6
552 2
553 6
554 4
555 2
556 2
557 2
558 4
559 2
560 2
561 6
562 4
563 2
564 6
565 6
566 6
567 6
568 2
569 6
570 4
571 2
572 2
573 2
574 4
575 2
576 0
577 6
578 6
579 2
580 6
581 6
582 6
583 6
584 2
585 6
586 6
587 2
588 2
589 2
590 2
591 2
592 2
593 6
594 6
595 2
596 6
597 6
598 6
599 6
600 2
601 6
602 6
603 2
604 2
605 2
606 2
607 2
608 0
609 0
610 0
611 0
612 0
613 6
614 6
615 6
616 0
617 6
618 4
619 2
620 2
621 2
622 4
623 2
624 0
625 6
626 4
627 2
628 6
629 6
630 6
631 6
632 2
633 6
634 4
635 2
636 2
637 2
638 4
639 2
640 0
641 6
642 4
643 2
644 6
645 6
646 6
647 6
648 2
649 6
650 4
651 2
652 2
653 2
654 4
655 2
656 2
657 6
658 4
659 2
660 6
661 6
662 6
663 6
664 2
665 6
666 4
667 2
668 2
669 2
670 4
671 2
672 2
673 6
674 4
675 2
676 6
677 6
678 6
679 6
680 2
681 6
682 4
683 2
684 2
685 2
686 4
687 2
688 2
689 6
690 4
691 2
692 6
693 6
694 6
695 6
696 2
697 6
698 4
699 2
700 2
701 2
702 4
703 2
704 2
705 6
706 6
707 2
708 6
709 6
710 6
711 6
712 2
713 6
714 6
715 2
716 2
717 2
718 2
719 2
720 2
721 6
722 6
723 2
724 6
725 6
726 6
727 6
728 2
729 6
730 6
731 2
732 2
733 2
734 2
735 2
736 2
737 6
738 4
739 2
740 6
741 6
742 6
743 6
744 2
745 6
746 4
747 2
748 2
749 2
750 4
751 2
752 2
753 6
754 4
755 2
756 6
757 6
758 6
759 6
760 2
761 6
762 4
763 2
764 2
765 2
766 4
767 2
768 0
769 6
770 6
771 6
772 6
773 6
774 6
775 6
776 6
777 6
778 6
779 6
780 2
781 6
782 4
783 2
784 6
785 6
786 6
787 6
788 6
789 6
790 6
791 6
792 6
793 6
794 6
795 6
796 2
797 6
798 4
799 2
800 6
801 6
802 6
803 6
804 6
805 6
806 6
807 6
808 6
809 6
810 6
811 6
812 2
813 6
814 4
815 2
816 6
817 6
818 6
819 6
820 6
821 6
822 6
823 6
824 6
825 6
826 6
827 6
828 2
829 6
830 4
831 2
832 6
833 6
834 6
835 6
836 6
837 6
838 6
839 6
840 6
841 6
842 6
843 6
844 2
845 6
846 6
847 2
848 6
849 6
850 6
851 6
852 6
853 6
854 6
855 6
856 6
857 6
858 6
859 6
860 2
861 6
862 6
863 2
864 2
865 6
866 6
867 6
868 6
869 6
870 6
871 6
872 6
873 6
874 6
875 6
876 2
877 6
878 4
879 2
880 6
881 6
882 6
883 6
884 6
885 6
886 6
887 6
888 6
889 6
890 6
891 6
892 2
893 6
894 4
895 2
896 0
897 0
898 0
899 0
900 0
901 6
902 6
903 6
904 0
905 6
906 4
907 2
908 0
909 8
910 4
911 2
912 0
913 6
914 4
915 2
916 6
917 6
918 6
919 6
920 2
921 6
922 4
923 2
924 2
925 2
926 4
927 2
928 0
929 6
930 4
931 2
932 6
933 6
934 6
935 6
936 2
937 6
938 4
939 2
940 2
941 2
942 4
943 2
944 2
945 6
946 4
947 2
948 6
949 6
950 6
951 6
952 2
953 6
954 4
955 2
956 2
957 2
958 4
959 2
960 0
961 6
962 6
963 2
964 6
965 6
966 6
967 6
968 2
969 6
970 6
971 2
972 2
973 2
974 2
975 2
976 2
977 6
978 6
979 2
980 6
981 6
982 6
983 6
984 2
985 6
986 6
987 2
988 2
989 2
990 2
991 2
992 0
993 8
994 6
995 6
996 9
997 6
998 6
999 6
1000 6
1001 6
1002 4
1003 2
1004 2
1005 8
1006 4
1007 2
1008 9
1009 6
1010 4
1011 2
1012 9
1013 6
1014 6
1015 6
1016 2
1017 6
1018 4
1019 2
1020 2
1021 2
1022 4
1023 2
1024 0
1025 0
1026 0
1027 0
1028 0
1029 6
1030 6
1031 6
1032 0
1033 6
1034 4
1035 4
1036 0
1037 0
1038 4
1039 4
1040 0
1041 6
1042 4
1043 4
1044 6
1045 6
1046 6
1047 6
1048 4
1049 6
1050 4
1051 4
1052 4
1053 4
1054 4
1055 4
1056 0
1057 6
1058 4
1059 4
1060 6
1061 6
1062 6
1063 6
1064 4
1065 6
1066 4
1067 4
1068 4
1069 4
1070 4
1071 4
1072 4
1073 6
1074 4
1075 4
1076 6
1077 6
1078 6
1079 6
1080 4
1081 6
1082 4
1083 4
1084 4
1085 4
1086 4
1087 4
1088 0
1089 6
1090 6
1091 6
1092 6
1093 6
1094 6
1095 6
1096 6
1097 6
1098 6
1099 6
1100 2
1101 6
1102 4
1103 2
1104 6
1105 6
1106 6
1107 6
1108 6
1109 6
1110 6
1111 6
1112 6
1113 6
1114 6
1115 6
1116 2
1117 6
1118 4
1119 2
1120 0
1121 0
1122 6
1123 6
1124 0
1125 6
1126 6
1127 6
1128 6
1129 6
1130 4
1131 4
1132 2
1133 2
1134 4
1135 4
1136 0
1137 6
1138 4
1139 4
1140 6
1141 6
1142 6
1143 6
1144 4
1145 6
1146 4
1147 4
1148 4
1149 4
1150 4
1151 4
1152 0
1153 6
1154 4
1155 4
1156 6
1157 6
1158 6
1159 6
1160 4
1161 6
1162 4
1163 4
1164 4
1165 4
1166 4
1167 4
1168 4
1169 6
1170 4
1171 4
1172 6
1173 6
1174 6
1175 6
1176 4
1177 6
1178 4
1179 4
1180 4
1181 4
1182 4
1183 4
1184 4
1185 6
1186 4
1187 4
1188 6
1189 6
1190 6
1191 6
1192 4
1193 6
1194 4
1195 4
1196 4
1197 4
1198 4
1199 4
1200 4
1201 6
1202 4
1203 4
1204 6
1205 6
1206 6
1207 6
1208 4
1209 6
1210 4
1211 4
1212 4
1213 4
1214 4
1215 4
1216 6
1217 6
1218 6
1219 6
1220 6
1221 6
1222 6
1223 6
1224 6
1225 6
1226 6
1227 6
1228 2
1229 6
1230 4
1231 2
1232 6
1233 6
1234 6
1235 6
1236 6
1237 6
1238 6
1239 6
1240 6
1241 6
1242 6
1243 6
1244 2
1245 6
1246 4
1247 2
1248 2
1249 6
1250 4
1251 4
1252 6
1253 6
1254 6
1255 6
1256 4
1257 6
1258 4
1259 4
1260 4
1261 4
1262 4
1263 4
1264 4
1265 6
1266 4
1267 4
1268 6
1269 6
1270 6
1271 6
1272 4
1273 6
1274 4
1275 4
1276 4
1277 4
1278 4
1279 4
1280 0
1281 6
1282 6
1283 6
1284 6
1285 6
1286 6
1287 6
1288 6
1289 6
1290 6
1291 6
1292 2
1293 6
1294 4
1295 4
1296 6
1297 6
1298 6
1299 6
1300 6
1301 6
1302 6
1303 6
1304 6
1305 6
1306 6
1307 6
1308 4
1309 6
1310 4
1311 4
1312 6
1313 6
1314 6
1315 6
1316 6
1317 6
1318 6
1319 6
1320 6
1321 6
1322 6
1323 6
1324 4
1325 6
1326 4
1327 4
1328 6
1329 6
1330 6
1331 6
1332 6
1333 6
1334 6
1335 6
1336 6
1337 6
1338 6
1339 6
1340 4
1341 6
1342 4
1343 4
1344 6
1345 6
1346 6
1347 6
1348 6
1349 6
1350 6
1351 6
1352 6
1353 6
1354 6
1355 6
1356 6
1357 6
1358 6
1359 6
1360 6
1361 6
1362 6
1363 6
1364 6
1365 6
1366 6
1367 6
1368 6
1369 6
1370 6
1371 6
1372 6
1373 6
1374 6
1375 6
1376 2
1377 6
1378 6
1379 6
1380 6
1381 6
1382 6
1383 6
1384 6
1385 6
1386 6
1387 6
1388 2
1389 6
1390 4
1391 4
1392 6
1393 6
1394 6
1395 6
1396 6
1397 6
1398 6
1399 6
1400 6
1401 6
1402 6
1403 6
1404 4
1405 6
1406 4
1407 4
1408 0
1409 8
1410 8
1411 6
1412 8
1413 8
1414 8
1415 6
1416 8
1417 8
1418 8
1419 4
1420 6
1421 8
1422 4
1423 4
1424 8
1425 8
1426 8
1427 4
1428 8
1429 8
1430 8
1431 6
1432 8
1433 8
1434 8
1435 4
1436 4
1437 8
1438 4
1439 4
1440 8
1441 8
1442 8
1443 4
1444 8
1445 8
1446 8
1447 6
1448 8
1449 8
1450 8
1451 4
1452 4
1453 8
1454 4
1455 4
1456 8
1457 8
1458 8
1459 4
1460 8
1461 8
1462 8
1463 6
1464 8
1465 8
1466 8
1467 4
1468 4
1469 8
1470 4
1471 4
1472 8
1473 8
1474 8
1475 6
1476 8
1477 8
1478 8
1479 6
1480 8
1481 8
1482 8
1483 6
1484 8
1485 8
1486 8
1487 2
1488 8
1489 8
1490 8
1491 6
1492 8
1493 8
1494 8
1495 6
1496 8
1497 8
1498 8
1499 6
1500 8
1501 8
1502 8
1503 2
1504 6
1505 8
1506 8
1507 6
1508 8
1509 8
1510 8
1511 6
1512 8
1513 8
1514 8
1515 4
1516 6
1517 8
1518 4
1519 4
1520 8
1521 8
1522 8
1523 4
1524 8
1525 8
1526 8
1527 6
1528 8
1529 8
1530 8
1531 4
1532 4
1533 8
1534 4
1535 4
1536 0
1537 0
1538 0
1539 0
1540 0
1541 6
1542 6
1543 6
1544 0
1545 6
1546 6
1547 6
1548 0
1549 8
1550 6
1551 4
1552 0
1553 6
1554 6
1555 6
1556 6
1557 6
1558 6
1559 6
1560 6
1561 6
1562 6
1563 6
1564 0
1565 6
1566 4
1567 2
1568 0
1569 6
1570 6
1571 6
1572 6
1573 6
1574 6
1575 6
1576 6
1577 6
1578 6
1579 6
1580 4
1581 6
1582 4
1583 2
1584 6
1585 6
1586 6
1587 6
1588 6
1589 6
1590 6
1591 6
1592 6
1593 6
1594 6
1595 6
1596 2
1597 6
1598 4
1599 2
1600 0
1601 6
1602 6
1603 6
1604 6
1605 6
1606 6
1607 6
1608 6
1609 6
1610 6
1611 6
1612 4
1613 6
1614 6
1615 2
1616 6
1617 6
1618 6
1619 6
1620 6
1621 6
1622 6
1623 6
1624 6
1625 6
1626 6
1627 6
1628 2
1629 6
1630 6
1631 2
1632 0
1633 8
1634 6
1635 6
1636 0
1637 6
1638 6
1639 6
1640 6
1641 6
1642 6
1643 6
1644 6
1645 8
1646 6
1647 6
1648 0
1649 6
1650 6
1651 6
1652 6
1653 6
1654 6
1655 6
1656 6
1657 6
1658 6
1659 6
1660 6
1661 6
1662 4
1663 2
1664 0
1665 6
1666 6
1667 6
1668 6
1669 6
1670 6
1671 6
1672 6
1673 6
1674 6
1675 6
1676 4
1677 6
1678 4
1679 2
1680 6
1681 6
1682 6
1683 6
1684 6
1685 6
1686 6
1687 6
1688 6
1689 6
1690 6
1691 6
1692 2
1693 6
1694 4
1695 2
1696 6
1697 6
1698 6
1699 6
1700 6
1701 6
1702 6
1703 6
1704 6
1705 6
1706 6
1707 6
1708 2
1709 6
1710 4
1711 2
1712 6
1713 6
1714 6
1715 6
1716 6
1717 6
1718 6
1719 6
1720 6
1721 6
1722 6
1723 6
1724 2
1725 6
1726 4
1727 2
1728 6
1729 6
1730 6
1731 6
1732 6
1733 6
1734 6
1735 6
1736 6
1737 6
1738 6
1739 6
1740 2
1741 6
1742 6
1743 2
1744 6
1745 6
1746 6
1747 6
1748 6
1749 6
1750 6
1751 6
1752 6
1753 6
1754 6
1755 6
1756 2
1757 6
1758 6
1759 2
1760 0
1761 6
1762 6
1763 6
1764 6
1765 6
1766 6
1767 6
1768 6
1769 6
1770 6
1771 6
1772 2
1773 6
1774 4
1775 2
1776 6
1777 6
1778 6
1779 6
1780 6
1781 6
1782 6
1783 6
1784 6
1785 6
1786 6
1787 6
1788 2
1789 6
1790 4
1791 2
1792 0
1793 6
1794 6
1795 6
1796 6
1797 6
1798 6
1799 6
1800 6
1801 6
1802 6
1803 6
1804 4
1805 6
1806 6
1807 6
1808 6
1809 6
1810 6
1811 6
1812 6
1813 6
1814 6
1815 6
1816 6
1817 6
1818 6
1819 6
1820 6
1821 6
1822 6
1823 6
1824 6
1825 6
1826 6
1827 6
1828 6
1829 6
1830 6
1831 6
1832 6
1833 6
1834 6
1835 6
1836 6
1837 6
1838 6
1839 6
1840 6
1841 6
1842 6
1843 6
1844 6
1845 6
1846 6
1847 6
1848 6
1849 6
1850 6
1851 6
1852 6
1853 6
1854 6
1855 6
1856 6
1857 6
1858 6
1859 6
1860 6
1861 6
1862 6
1863 6
1864 6
1865 6
1866 6
1867 6
1868 6
1869 6
1870 6
1871 6
1872 6
1873 6
1874 6
1875 6
1876 6
1877 6
1878 6
1879 6
1880 6
1881 6
1882 6
1883 6
1884 6
1885 6
1886 6
1887 6
1888 6
1889 6
1890 6
1891 6
1892 6
1893 6
1894 6
1895 6
1896 6
1897 6
1898 6
1899 6
1900 6
1901 6
1902 6
1903 6
1904 6
1905 6
1906 6
1907 6
1908 6
1909 6
1910 6
1911 6
1912 6
1913 6
1914 6
1915 6
1916 6
1917 6
1918 6
1919 6
1920 0
1921 8
1922 8
1923 6
1924 8
1925 8
1926 8
1927 6
1928 8
1929 8
1930 8
1931 6
1932 6
1933 8
1934 8
1935 6
1936 8
1937 8
1938 8
1939 6
1940 8
1941 8
1942 8
1943 6
1944 8
1945 8
1946 8
1947 6
1948 8
1949 8
1950 8
1951 2
1952 8
1953 8
1954 8
1955 6
1956 8
1957 8
1958 8
1959 6
1960 8
1961 8
1962 8
1963 6
1964 8
1965 8
1966 8
1967 2
1968 8
1969 8
1970 8
1971 6
1972 8
1973 8
1974 8
1975 6
1976 8
1977 8
1978 8
1979 6
1980 8
1981 8
1982 8
1983 2
1984 8
1985 8
1986 8
1987 6
1988 8
1989 8
1990 8
1991 6
1992 8
1993 8
1994 8
1995 6
1996 8
1997 8
1998 8
1999 2
2000 8
2001 8
2002 8
2003 6
2004 8
2005 8
2006 8
2007 6
2008 8
2009 8
2010 8
2011 6
2012 8
2013 8
2014 8
2015 2
2016 6
2017 8
2018 8
2019 6
2020 8
2021 8
2022 8
2023 6
2024 8
2025 8
2026 8
2027 6
2028 6
2029 8
2030 8
2031 6
2032 8
2033 8
2034 8
2035 6
2036 8
2037 8
2038 8
2039 6
2040 8
2041 8
2042 8
2043 6
2044 8
2045 8
2046 8
2047 2
