#CSC Slope LUT
#Structure is comparator code (iCC) -> Stub slope
#iCC bits: 12
#<header> v1.0 12 32 </header>
0 16
1 16
2 16
3 16
4 16
5 16
6 16
7 16
8 16
9 16
10 16
11 16
12 16
13 16
14 16
15 16
16 16
17 16
18 16
19 16
20 16
21 28
22 24
23 20
24 16
25 28
26 24
27 20
28 16
29 28
30 24
31 20
32 16
33 16
34 16
35 16
36 16
37 21
38 18
39 16
40 16
41 20
42 18
43 16
44 16
45 20
46 17
47 0
48 16
49 22
50 19
51 16
52 20
53 22
54 20
55 17
56 16
57 21
58 19
59 16
60 4
61 20
62 18
63 0
64 16
65 16
66 16
67 16
68 16
69 24
70 21
71 19
72 16
73 23
74 21
75 18
76 16
77 22
78 20
79 18
80 16
81 24
82 21
83 18
84 24
85 24
86 22
87 20
88 20
89 24
90 21
91 19
92 0
93 23
94 20
95 18
96 16
97 16
98 16
99 16
100 16
101 26
102 24
103 22
104 16
105 26
106 24
107 21
108 16
109 25
110 23
111 21
112 16
113 26
114 24
115 21
116 28
117 27
118 24
119 22
120 24
121 26
122 24
123 21
124 20
125 25
126 23
127 20
128 16
129 16
130 16
131 16
132 16
133 21
134 20
135 18
136 16
137 21
138 19
139 18
140 16
141 20
142 19
143 17
144 16
145 22
146 20
147 18
148 20
149 22
150 20
151 18
152 18
153 21
154 19
155 18
156 16
157 20
158 19
159 17
160 16
161 21
162 19
163 17
164 21
165 21
166 20
167 18
168 18
169 20
170 19
171 17
172 0
173 20
174 18
175 16
176 16
177 21
178 19
179 17
180 20
181 21
182 20
183 18
184 17
185 20
186 19
187 17
188 0
189 20
190 18
191 16
192 16
193 22
194 20
195 18
196 21
197 22
198 20
199 19
200 18
201 21
202 20
203 18
204 16
205 20
206 19
207 17
208 16
209 22
210 20
211 18
212 20
213 22
214 20
215 19
216 18
217 21
218 20
219 18
220 0
221 20
222 19
223 17
224 16
225 23
226 20
227 18
228 22
229 23
230 21
231 20
232 19
233 22
234 20
235 19
236 16
237 21
238 20
239 18
240 16
241 22
242 20
243 18
244 21
245 23
246 21
247 20
248 19
249 22
250 20
251 19
252 16
253 21
254 20
255 18
256 16
257 16
258 16
259 16
260 16
261 24
262 22
263 20
264 16
265 23
266 21
267 20
268 16
269 22
270 21
271 19
272 16
273 24
274 22
275 20
276 23
277 24
278 22
279 21
280 21
281 23
282 21
283 20
284 18
285 22
286 21
287 19
288 16
289 23
290 21
291 19
292 23
293 23
294 21
295 20
296 20
297 22
298 20
299 19
300 17
301 21
302 20
303 18
304 20
305 23
306 21
307 18
308 22
309 23
310 21
311 20
312 20
313 22
314 20
315 19
316 17
317 21
318 20
319 18
320 16
321 24
322 21
323 19
324 24
325 24
326 22
327 20
328 21
329 23
330 21
331 20
332 18
333 22
334 20
335 19
336 20
337 23
338 21
339 19
340 23
341 24
342 22
343 20
344 20
345 23
346 21
347 20
348 18
349 22
350 20
351 19
352 16
353 24
354 22
355 20
356 24
357 24
358 23
359 21
360 21
361 24
362 22
363 20
364 18
365 23
366 21
367 20
368 20
369 24
370 22
371 20
372 24
373 24
374 23
375 21
376 21
377 24
378 22
379 20
380 19
381 23
382 21
383 20
384 16
385 16
386 16
387 16
388 16
389 26
390 24
391 23
392 16
393 25
394 24
395 22
396 16
397 24
398 23
399 21
400 16
401 26
402 24
403 22
404 26
405 26
406 24
407 23
408 24
409 25
410 23
411 22
412 21
413 24
414 23
415 21
416 16
417 24
418 22
419 20
420 25
421 24
422 23
423 21
424 22
425 24
426 22
427 20
428 20
429 23
430 21
431 20
432 24
433 24
434 22
435 20
436 24
437 24
438 23
439 21
440 22
441 24
442 22
443 20
444 20
445 23
446 21
447 20
448 16
449 25
450 23
451 21
452 26
453 25
454 24
455 22
456 23
457 24
458 23
459 21
460 20
461 24
462 22
463 20
464 24
465 25
466 23
467 21
468 25
469 25
470 24
471 22
472 23
473 24
474 23
475 21
476 20
477 24
478 22
479 20
480 16
481 26
482 24
483 21
484 26
485 26
486 24
487 23
488 24
489 25
490 24
491 22
492 21
493 24
494 23
495 21
496 24
497 26
498 24
499 21
500 26
501 26
502 24
503 23
504 24
505 25
506 24
507 22
508 21
509 24
510 23
511 21
512 16
513 16
514 16
515 16
516 16
517 22
518 21
519 20
520 16
521 21
522 20
523 19
524 16
525 21
526 20
527 18
528 16
529 22
530 20
531 19
532 21
533 22
534 21
535 20
536 19
537 21
538 20
539 19
540 18
541 21
542 20
543 18
544 16
545 22
546 20
547 18
548 22
549 22
550 20
551 19
552 20
553 21
554 20
555 18
556 18
557 20
558 19
559 18
560 19
561 21
562 20
563 18
564 21
565 21
566 20
567 19
568 19
569 21
570 20
571 18
572 17
573 20
574 19
575 18
576 16
577 22
578 20
579 19
580 22
581 22
582 21
583 20
584 20
585 21
586 20
587 19
588 18
589 21
590 19
591 18
592 18
593 22
594 20
595 19
596 21
597 22
598 21
599 20
600 19
601 21
602 20
603 19
604 18
605 21
606 19
607 18
608 16
609 22
610 21
611 19
612 22
613 22
614 21
615 20
616 20
617 22
618 21
619 19
620 18
621 21
622 20
623 19
624 18
625 22
626 20
627 19
628 21
629 22
630 21
631 20
632 19
633 22
634 20
635 19
636 18
637 21
638 20
639 19
640 16
641 22
642 20
643 18
644 21
645 22
646 20
647 19
648 19
649 21
650 20
651 19
652 17
653 20
654 19
655 18
656 18
657 21
658 20
659 18
660 20
661 21
662 20
663 19
664 19
665 21
666 20
667 18
668 17
669 20
670 19
671 18
672 24
673 22
674 20
675 18
676 21
677 22
678 20
679 19
680 19
681 21
682 20
683 18
684 17
685 20
686 19
687 18
688 19
689 21
690 20
691 18
692 20
693 21
694 20
695 19
696 19
697 21
698 19
699 18
700 17
701 20
702 19
703 18
704 20
705 22
706 20
707 18
708 21
709 22
710 21
711 19
712 19
713 21
714 20
715 19
716 17
717 20
718 19
719 18
720 18
721 21
722 20
723 18
724 20
725 21
726 20
727 19
728 19
729 21
730 20
731 18
732 17
733 20
734 19
735 18
736 0
737 22
738 20
739 18
740 21
741 22
742 21
743 20
744 19
745 21
746 20
747 19
748 17
749 20
750 19
751 18
752 17
753 21
754 20
755 18
756 20
757 22
758 21
759 19
760 19
761 21
762 20
763 19
764 17
765 20
766 19
767 18
768 16
769 22
770 21
771 19
772 22
773 22
774 21
775 20
776 20
777 22
778 20
779 19
780 18
781 21
782 20
783 19
784 18
785 22
786 20
787 19
788 21
789 22
790 21
791 20
792 20
793 21
794 20
795 19
796 18
797 21
798 20
799 19
800 24
801 22
802 21
803 19
804 22
805 22
806 21
807 20
808 20
809 21
810 20
811 19
812 18
813 21
814 20
815 18
816 20
817 22
818 20
819 19
820 21
821 22
822 21
823 20
824 20
825 21
826 20
827 19
828 18
829 21
830 19
831 18
832 20
833 22
834 21
835 19
836 22
837 22
838 21
839 20
840 20
841 22
842 20
843 19
844 18
845 21
846 20
847 18
848 19
849 22
850 20
851 19
852 21
853 22
854 21
855 20
856 20
857 21
858 20
859 19
860 18
861 21
862 20
863 18
864 0
865 22
866 21
867 19
868 22
869 23
870 21
871 20
872 20
873 22
874 21
875 19
876 18
877 21
878 20
879 19
880 18
881 22
882 20
883 19
884 21
885 22
886 21
887 20
888 20
889 22
890 21
891 19
892 18
893 21
894 20
895 19
896 16
897 23
898 21
899 20
900 23
901 23
902 22
903 21
904 20
905 22
906 21
907 20
908 18
909 22
910 20
911 19
912 19
913 23
914 21
915 20
916 22
917 23
918 22
919 21
920 20
921 22
922 21
923 20
924 19
925 22
926 20
927 19
928 24
929 23
930 21
931 20
932 23
933 23
934 22
935 20
936 21
937 22
938 21
939 20
940 19
941 21
942 20
943 19
944 20
945 22
946 21
947 19
948 22
949 23
950 21
951 20
952 20
953 22
954 21
955 20
956 19
957 21
958 20
959 19
960 20
961 23
962 21
963 20
964 23
965 23
966 22
967 21
968 21
969 22
970 21
971 20
972 18
973 22
974 20
975 19
976 20
977 23
978 21
979 20
980 22
981 23
982 22
983 21
984 20
985 22
986 21
987 20
988 19
989 21
990 20
991 19
992 16
993 23
994 21
995 20
996 22
997 23
998 22
999 21
1000 20
1001 22
1002 21
1003 20
1004 18
1005 22
1006 21
1007 19
1008 19
1009 23
1010 21
1011 20
1012 22
1013 23
1014 22
1015 21
1016 20
1017 22
1018 21
1019 20
1020 19
1021 22
1022 21
1023 19
1024 16
1025 16
1026 16
1027 16
1028 16
1029 24
1030 22
1031 21
1032 16
1033 23
1034 22
1035 21
1036 16
1037 22
1038 21
1039 20
1040 16
1041 23
1042 22
1043 20
1044 23
1045 24
1046 22
1047 21
1048 21
1049 23
1050 22
1051 21
1052 20
1053 22
1054 21
1055 20
1056 16
1057 23
1058 22
1059 20
1060 24
1061 23
1062 22
1063 21
1064 22
1065 22
1066 21
1067 20
1068 20
1069 22
1070 21
1071 19
1072 22
1073 23
1074 21
1075 20
1076 23
1077 23
1078 22
1079 21
1080 21
1081 22
1082 21
1083 20
1084 19
1085 22
1086 20
1087 19
1088 16
1089 24
1090 22
1091 20
1092 24
1093 24
1094 22
1095 21
1096 22
1097 23
1098 22
1099 20
1100 20
1101 22
1102 21
1103 20
1104 21
1105 23
1106 22
1107 20
1108 23
1109 23
1110 22
1111 21
1112 21
1113 23
1114 22
1115 20
1116 20
1117 22
1118 21
1119 20
1120 16
1121 24
1122 22
1123 20
1124 24
1125 24
1126 23
1127 21
1128 22
1129 23
1130 22
1131 21
1132 20
1133 23
1134 21
1135 20
1136 21
1137 24
1138 22
1139 20
1140 23
1141 24
1142 23
1143 21
1144 21
1145 23
1146 22
1147 21
1148 20
1149 23
1150 21
1151 20
1152 16
1153 23
1154 21
1155 20
1156 23
1157 23
1158 22
1159 20
1160 21
1161 22
1162 21
1163 20
1164 19
1165 21
1166 20
1167 19
1168 20
1169 22
1170 21
1171 19
1172 22
1173 23
1174 21
1175 20
1176 20
1177 22
1178 21
1179 20
1180 19
1181 21
1182 20
1183 19
1184 28
1185 23
1186 21
1187 20
1188 23
1189 23
1190 21
1191 20
1192 21
1193 22
1194 21
1195 20
1196 19
1197 21
1198 20
1199 19
1200 21
1201 22
1202 21
1203 19
1204 22
1205 22
1206 21
1207 20
1208 20
1209 22
1210 21
1211 19
1212 19
1213 21
1214 20
1215 19
1216 24
1217 23
1218 21
1219 20
1220 23
1221 23
1222 22
1223 20
1224 21
1225 22
1226 21
1227 20
1228 19
1229 21
1230 20
1231 19
1232 20
1233 22
1234 21
1235 19
1236 22
1237 23
1238 21
1239 20
1240 20
1241 22
1242 21
1243 20
1244 19
1245 21
1246 20
1247 19
1248 20
1249 23
1250 21
1251 20
1252 23
1253 23
1254 22
1255 21
1256 21
1257 22
1258 21
1259 20
1260 18
1261 22
1262 20
1263 19
1264 20
1265 23
1266 21
1267 20
1268 22
1269 23
1270 22
1271 21
1272 20
1273 22
1274 21
1275 20
1276 19
1277 21
1278 20
1279 19
1280 16
1281 24
1282 22
1283 20
1284 24
1285 24
1286 22
1287 21
1288 21
1289 23
1290 22
1291 20
1292 19
1293 22
1294 21
1295 20
1296 21
1297 23
1298 22
1299 20
1300 23
1301 23
1302 22
1303 21
1304 21
1305 23
1306 22
1307 20
1308 20
1309 22
1310 21
1311 20
1312 28
1313 24
1314 22
1315 20
1316 24
1317 23
1318 22
1319 21
1320 22
1321 23
1322 21
1323 20
1324 20
1325 22
1326 21
1327 19
1328 22
1329 23
1330 21
1331 20
1332 23
1333 23
1334 22
1335 21
1336 21
1337 22
1338 21
1339 20
1340 20
1341 22
1342 21
1343 19
1344 24
1345 24
1346 22
1347 20
1348 24
1349 24
1350 22
1351 21
1352 21
1353 23
1354 22
1355 20
1356 19
1357 22
1358 21
1359 20
1360 21
1361 23
1362 22
1363 20
1364 23
1365 23
1366 22
1367 21
1368 21
1369 23
1370 21
1371 20
1372 20
1373 22
1374 21
1375 20
1376 20
1377 24
1378 22
1379 20
1380 23
1381 24
1382 22
1383 21
1384 21
1385 23
1386 22
1387 21
1388 19
1389 22
1390 21
1391 20
1392 20
1393 23
1394 22
1395 20
1396 23
1397 24
1398 22
1399 21
1400 21
1401 23
1402 22
1403 21
1404 20
1405 22
1406 21
1407 20
1408 16
1409 24
1410 22
1411 21
1412 24
1413 24
1414 23
1415 22
1416 22
1417 24
1418 22
1419 21
1420 20
1421 23
1422 22
1423 20
1424 21
1425 24
1426 22
1427 21
1428 24
1429 24
1430 23
1431 22
1432 22
1433 23
1434 22
1435 21
1436 20
1437 23
1438 22
1439 21
1440 28
1441 24
1442 22
1443 21
1444 24
1445 24
1446 23
1447 22
1448 22
1449 23
1450 22
1451 21
1452 20
1453 22
1454 21
1455 20
1456 23
1457 24
1458 22
1459 21
1460 24
1461 24
1462 23
1463 21
1464 22
1465 23
1466 22
1467 21
1468 20
1469 22
1470 21
1471 20
1472 24
1473 24
1474 22
1475 21
1476 24
1477 24
1478 23
1479 22
1480 22
1481 23
1482 22
1483 21
1484 20
1485 23
1486 21
1487 20
1488 22
1489 24
1490 22
1491 21
1492 24
1493 24
1494 23
1495 22
1496 22
1497 23
1498 22
1499 21
1500 20
1501 23
1502 21
1503 20
1504 20
1505 24
1506 22
1507 21
1508 24
1509 24
1510 23
1511 22
1512 22
1513 24
1514 22
1515 21
1516 20
1517 23
1518 22
1519 20
1520 21
1521 24
1522 22
1523 21
1524 24
1525 24
1526 23
1527 22
1528 22
1529 24
1530 22
1531 21
1532 20
1533 23
1534 22
1535 21
1536 16
1537 16
1538 16
1539 16
1540 16
1541 25
1542 24
1543 23
1544 16
1545 25
1546 24
1547 22
1548 16
1549 24
1550 23
1551 22
1552 16
1553 25
1554 24
1555 22
1556 25
1557 25
1558 24
1559 23
1560 24
1561 25
1562 24
1563 22
1564 22
1565 24
1566 23
1567 22
1568 16
1569 25
1570 23
1571 21
1572 26
1573 25
1574 23
1575 22
1576 24
1577 24
1578 23
1579 21
1580 22
1581 23
1582 22
1583 21
1584 25
1585 24
1586 23
1587 21
1588 25
1589 24
1590 23
1591 22
1592 23
1593 24
1594 23
1595 21
1596 21
1597 23
1598 22
1599 21
1600 16
1601 25
1602 23
1603 22
1604 26
1605 25
1606 24
1607 23
1608 24
1609 24
1610 23
1611 22
1612 22
1613 24
1614 22
1615 21
1616 24
1617 25
1618 23
1619 22
1620 25
1621 25
1622 24
1623 23
1624 23
1625 24
1626 23
1627 22
1628 22
1629 24
1630 22
1631 21
1632 16
1633 25
1634 24
1635 22
1636 26
1637 25
1638 24
1639 23
1640 24
1641 25
1642 24
1643 22
1644 22
1645 24
1646 23
1647 22
1648 24
1649 25
1650 24
1651 22
1652 25
1653 25
1654 24
1655 23
1656 24
1657 25
1658 24
1659 22
1660 22
1661 24
1662 23
1663 22
1664 16
1665 24
1666 22
1667 21
1668 24
1669 24
1670 23
1671 22
1672 22
1673 23
1674 22
1675 21
1676 20
1677 23
1678 21
1679 20
1680 22
1681 24
1682 22
1683 21
1684 24
1685 24
1686 23
1687 22
1688 22
1689 23
1690 22
1691 21
1692 20
1693 22
1694 21
1695 20
1696 31
1697 24
1698 22
1699 21
1700 25
1701 24
1702 23
1703 21
1704 23
1705 23
1706 22
1707 21
1708 21
1709 22
1710 21
1711 20
1712 24
1713 24
1714 22
1715 20
1716 24
1717 24
1718 22
1719 21
1720 22
1721 23
1722 22
1723 21
1724 20
1725 22
1726 21
1727 20
1728 28
1729 24
1730 22
1731 21
1732 24
1733 24
1734 23
1735 22
1736 22
1737 23
1738 22
1739 21
1740 20
1741 22
1742 21
1743 20
1744 23
1745 24
1746 22
1747 21
1748 24
1749 24
1750 23
1751 21
1752 22
1753 23
1754 22
1755 21
1756 20
1757 22
1758 21
1759 20
1760 24
1761 24
1762 22
1763 21
1764 24
1765 24
1766 23
1767 22
1768 22
1769 23
1770 22
1771 21
1772 20
1773 23
1774 21
1775 20
1776 22
1777 24
1778 22
1779 21
1780 24
1781 24
1782 23
1783 22
1784 22
1785 23
1786 22
1787 21
1788 20
1789 23
1790 21
1791 20
1792 16
1793 25
1794 23
1795 21
1796 25
1797 25
1798 24
1799 22
1800 23
1801 24
1802 23
1803 22
1804 21
1805 23
1806 22
1807 21
1808 23
1809 24
1810 23
1811 21
1812 24
1813 25
1814 23
1815 22
1816 23
1817 24
1818 23
1819 22
1820 21
1821 23
1822 22
1823 21
1824 31
1825 25
1826 23
1827 21
1828 25
1829 24
1830 23
1831 22
1832 23
1833 24
1834 22
1835 21
1836 21
1837 23
1838 22
1839 21
1840 24
1841 24
1842 23
1843 21
1844 24
1845 24
1846 23
1847 22
1848 23
1849 24
1850 22
1851 21
1852 21
1853 23
1854 22
1855 21
1856 28
1857 25
1858 23
1859 21
1860 25
1861 25
1862 23
1863 22
1864 23
1865 24
1866 23
1867 21
1868 21
1869 23
1870 22
1871 21
1872 24
1873 24
1874 23
1875 21
1876 24
1877 24
1878 23
1879 22
1880 23
1881 24
1882 23
1883 21
1884 21
1885 23
1886 22
1887 21
1888 24
1889 25
1890 23
1891 21
1892 25
1893 25
1894 24
1895 22
1896 23
1897 24
1898 23
1899 22
1900 21
1901 23
1902 22
1903 21
1904 23
1905 24
1906 23
1907 21
1908 24
1909 25
1910 24
1911 22
1912 23
1913 24
1914 23
1915 22
1916 21
1917 23
1918 22
1919 21
1920 16
1921 25
1922 24
1923 22
1924 26
1925 25
1926 24
1927 23
1928 24
1929 25
1930 24
1931 22
1932 21
1933 24
1934 23
1935 22
1936 24
1937 25
1938 24
1939 22
1940 25
1941 25
1942 24
1943 23
1944 24
1945 25
1946 24
1947 22
1948 22
1949 24
1950 23
1951 22
1952 31
1953 25
1954 24
1955 22
1956 26
1957 25
1958 24
1959 23
1960 24
1961 24
1962 23
1963 22
1964 22
1965 24
1966 22
1967 21
1968 25
1969 25
1970 23
1971 22
1972 25
1973 25
1974 24
1975 23
1976 24
1977 24
1978 23
1979 22
1980 22
1981 24
1982 22
1983 21
1984 28
1985 25
1986 24
1987 22
1988 26
1989 25
1990 24
1991 23
1992 24
1993 25
1994 23
1995 22
1996 22
1997 24
1998 23
1999 21
2000 24
2001 25
2002 23
2003 22
2004 25
2005 25
2006 24
2007 23
2008 24
2009 24
2010 23
2011 22
2012 22
2013 24
2014 23
2015 21
2016 24
2017 25
2018 24
2019 22
2020 26
2021 25
2022 24
2023 23
2024 24
2025 25
2026 24
2027 22
2028 21
2029 24
2030 23
2031 22
2032 24
2033 25
2034 24
2035 22
2036 25
2037 25
2038 24
2039 23
2040 24
2041 25
2042 24
2043 22
2044 22
2045 24
2046 23
2047 22
