#<header> v1.0 12 32 </header>
0 0
1 0
2 0
3 0
4 0
5 0
6 0
7 0
8 0
9 0
10 0
11 0
12 0
13 0
14 0
15 0
16 0
17 0
18 0
19 0
20 0
21 7
22 9
23 0
24 0
25 7
26 8
27 6
28 0
29 0
30 8
31 6
32 0
33 0
34 0
35 0
36 0
37 8
38 6
39 6
40 0
41 8
42 8
43 6
44 0
45 0
46 8
47 6
48 0
49 0
50 8
51 6
52 0
53 7
54 8
55 6
56 6
57 6
58 8
59 6
60 2
61 2
62 8
63 6
64 0
65 0
66 0
67 0
68 0
69 7
70 9
71 0
72 0
73 7
74 8
75 6
76 0
77 0
78 8
79 6
80 0
81 7
82 8
83 6
84 3
85 7
86 9
87 3
88 6
89 7
90 8
91 6
92 2
93 2
94 8
95 6
96 0
97 0
98 0
99 0
100 0
101 7
102 9
103 0
104 0
105 7
106 9
107 9
108 0
109 7
110 7
111 8
112 0
113 7
114 9
115 0
116 3
117 7
118 9
119 3
120 7
121 7
122 9
123 6
124 0
125 7
126 8
127 6
128 0
129 0
130 0
131 0
132 0
133 8
134 8
135 8
136 0
137 10
138 8
139 6
140 0
141 0
142 8
143 6
144 0
145 10
146 8
147 6
148 0
149 7
150 8
151 6
152 6
153 10
154 8
155 6
156 6
157 6
158 8
159 6
160 0
161 8
162 8
163 6
164 8
165 8
166 8
167 6
168 6
169 6
170 8
171 6
172 6
173 6
174 8
175 6
176 6
177 6
178 8
179 6
180 6
181 6
182 8
183 6
184 6
185 6
186 8
187 6
188 6
189 6
190 8
191 6
192 0
193 10
194 8
195 6
196 9
197 7
198 8
199 6
200 6
201 10
202 8
203 6
204 6
205 6
206 8
207 6
208 6
209 10
210 8
211 6
212 3
213 7
214 8
215 6
216 6
217 10
218 8
219 6
220 6
221 6
222 8
223 6
224 0
225 0
226 0
227 8
228 0
229 7
230 9
231 8
232 0
233 7
234 8
235 6
236 6
237 6
238 8
239 6
240 0
241 7
242 8
243 6
244 3
245 7
246 9
247 3
248 6
249 7
250 8
251 6
252 6
253 6
254 8
255 6
256 0
257 0
258 0
259 0
260 0
261 9
262 9
263 0
264 0
265 9
266 8
267 8
268 0
269 0
270 8
271 8
272 0
273 9
274 8
275 8
276 9
277 9
278 9
279 8
280 8
281 9
282 8
283 8
284 8
285 8
286 8
287 8
288 0
289 9
290 8
291 8
292 7
293 9
294 8
295 8
296 8
297 8
298 8
299 8
300 8
301 8
302 8
303 8
304 8
305 8
306 8
307 8
308 8
309 9
310 8
311 8
312 8
313 8
314 8
315 8
316 8
317 8
318 8
319 8
320 0
321 9
322 8
323 8
324 9
325 9
326 9
327 8
328 8
329 9
330 8
331 8
332 8
333 8
334 8
335 8
336 8
337 9
338 8
339 8
340 9
341 9
342 9
343 8
344 8
345 9
346 8
347 8
348 8
349 8
350 8
351 8
352 0
353 9
354 9
355 8
356 9
357 9
358 9
359 9
360 9
361 9
362 9
363 8
364 6
365 9
366 8
367 8
368 9
369 9
370 9
371 8
372 9
373 9
374 9
375 9
376 9
377 9
378 9
379 8
380 8
381 9
382 8
383 8
384 0
385 0
386 0
387 0
388 0
389 7
390 9
391 0
392 0
393 7
394 9
395 10
396 0
397 9
398 9
399 8
400 0
401 7
402 9
403 10
404 7
405 7
406 9
407 7
408 7
409 7
410 9
411 10
412 0
413 7
414 8
415 6
416 0
417 9
418 0
419 0
420 7
421 7
422 9
423 6
424 0
425 7
426 8
427 6
428 0
429 9
430 8
431 6
432 0
433 7
434 8
435 6
436 7
437 7
438 9
439 6
440 6
441 7
442 8
443 6
444 2
445 2
446 8
447 6
448 0
449 7
450 9
451 10
452 7
453 7
454 9
455 7
456 7
457 7
458 9
459 10
460 8
461 7
462 8
463 6
464 7
465 7
466 9
467 10
468 7
469 7
470 9
471 7
472 7
473 7
474 9
475 10
476 2
477 7
478 8
479 6
480 0
481 7
482 9
483 8
484 7
485 7
486 9
487 7
488 7
489 7
490 9
491 7
492 8
493 7
494 9
495 8
496 7
497 7
498 9
499 7
500 7
501 7
502 9
503 7
504 7
505 7
506 9
507 7
508 7
509 7
510 9
511 6
512 0
513 0
514 0
515 0
516 0
517 8
518 8
519 8
520 0
521 10
522 8
523 6
524 0
525 0
526 8
527 6
528 0
529 10
530 8
531 6
532 0
533 7
534 8
535 6
536 6
537 10
538 8
539 6
540 6
541 6
542 8
543 6
544 0
545 8
546 8
547 6
548 8
549 8
550 8
551 6
552 6
553 6
554 8
555 6
556 6
557 6
558 8
559 6
560 6
561 6
562 8
563 6
564 6
565 6
566 8
567 6
568 6
569 6
570 8
571 6
572 6
573 6
574 8
575 6
576 0
577 10
578 8
579 6
580 9
581 7
582 8
583 6
584 6
585 10
586 8
587 6
588 6
589 6
590 8
591 6
592 6
593 10
594 8
595 6
596 3
597 7
598 8
599 6
600 6
601 10
602 8
603 6
604 6
605 6
606 8
607 6
608 0
609 0
610 0
611 8
612 0
613 7
614 9
615 8
616 0
617 7
618 8
619 6
620 6
621 6
622 8
623 6
624 0
625 7
626 8
627 6
628 3
629 7
630 9
631 3
632 6
633 7
634 8
635 6
636 6
637 6
638 8
639 6
640 0
641 10
642 8
643 6
644 8
645 10
646 8
647 6
648 6
649 10
650 8
651 6
652 6
653 6
654 8
655 6
656 6
657 10
658 8
659 6
660 6
661 10
662 8
663 6
664 6
665 10
666 8
667 6
668 6
669 6
670 8
671 6
672 6
673 6
674 8
675 6
676 6
677 6
678 8
679 6
680 6
681 6
682 8
683 6
684 6
685 6
686 8
687 6
688 6
689 6
690 8
691 6
692 6
693 6
694 8
695 6
696 6
697 6
698 8
699 6
700 6
701 6
702 8
703 6
704 6
705 10
706 8
707 6
708 6
709 10
710 8
711 6
712 6
713 10
714 8
715 6
716 6
717 6
718 8
719 6
720 6
721 10
722 8
723 6
724 6
725 10
726 8
727 6
728 6
729 10
730 8
731 6
732 6
733 6
734 8
735 6
736 6
737 10
738 8
739 6
740 6
741 7
742 8
743 6
744 6
745 10
746 8
747 6
748 6
749 6
750 8
751 6
752 6
753 10
754 8
755 6
756 3
757 7
758 8
759 6
760 6
761 10
762 8
763 6
764 6
765 6
766 8
767 6
768 0
769 10
770 8
771 8
772 9
773 9
774 8
775 8
776 8
777 10
778 8
779 8
780 8
781 8
782 8
783 8
784 8
785 10
786 8
787 8
788 8
789 9
790 8
791 8
792 8
793 10
794 8
795 8
796 8
797 8
798 8
799 8
800 8
801 8
802 8
803 8
804 8
805 8
806 8
807 8
808 8
809 8
810 8
811 8
812 8
813 8
814 8
815 8
816 8
817 8
818 8
819 8
820 8
821 8
822 8
823 8
824 8
825 8
826 8
827 8
828 8
829 8
830 8
831 8
832 8
833 10
834 8
835 8
836 8
837 9
838 8
839 8
840 8
841 10
842 8
843 8
844 8
845 8
846 8
847 8
848 8
849 10
850 8
851 8
852 8
853 9
854 8
855 8
856 8
857 10
858 8
859 8
860 8
861 8
862 8
863 8
864 6
865 9
866 8
867 8
868 9
869 9
870 9
871 8
872 8
873 9
874 8
875 8
876 8
877 8
878 8
879 8
880 8
881 9
882 8
883 8
884 9
885 9
886 9
887 8
888 8
889 9
890 8
891 8
892 8
893 8
894 8
895 8
896 0
897 10
898 10
899 10
900 9
901 7
902 9
903 10
904 10
905 10
906 10
907 10
908 8
909 10
910 8
911 6
912 10
913 10
914 10
915 10
916 7
917 7
918 9
919 10
920 10
921 10
922 10
923 10
924 6
925 10
926 8
927 6
928 9
929 10
930 8
931 6
932 9
933 7
934 8
935 6
936 6
937 10
938 8
939 6
940 6
941 6
942 8
943 6
944 6
945 10
946 8
947 6
948 6
949 7
950 8
951 6
952 6
953 10
954 8
955 6
956 6
957 6
958 8
959 6
960 10
961 10
962 10
963 10
964 7
965 7
966 9
967 10
968 10
969 10
970 10
971 10
972 6
973 10
974 8
975 6
976 10
977 10
978 10
979 10
980 7
981 7
982 9
983 10
984 10
985 10
986 10
987 10
988 6
989 10
990 8
991 6
992 8
993 7
994 9
995 10
996 7
997 7
998 9
999 7
1000 7
1001 7
1002 9
1003 10
1004 8
1005 7
1006 8
1007 6
1008 7
1009 7
1010 9
1011 10
1012 7
1013 7
1014 9
1015 7
1016 7
1017 7
1018 9
1019 10
1020 6
1021 7
1022 8
1023 6
1024 0
1025 0
1026 0
1027 0
1028 0
1029 9
1030 9
1031 0
1032 0
1033 9
1034 8
1035 8
1036 0
1037 0
1038 8
1039 8
1040 0
1041 9
1042 8
1043 8
1044 9
1045 9
1046 9
1047 8
1048 8
1049 9
1050 8
1051 8
1052 8
1053 8
1054 8
1055 8
1056 0
1057 9
1058 8
1059 8
1060 7
1061 9
1062 8
1063 8
1064 8
1065 8
1066 8
1067 8
1068 8
1069 8
1070 8
1071 8
1072 8
1073 8
1074 8
1075 8
1076 8
1077 9
1078 8
1079 8
1080 8
1081 8
1082 8
1083 8
1084 8
1085 8
1086 8
1087 8
1088 0
1089 9
1090 8
1091 8
1092 9
1093 9
1094 9
1095 8
1096 8
1097 9
1098 8
1099 8
1100 8
1101 8
1102 8
1103 8
1104 8
1105 9
1106 8
1107 8
1108 9
1109 9
1110 9
1111 8
1112 8
1113 9
1114 8
1115 8
1116 8
1117 8
1118 8
1119 8
1120 0
1121 9
1122 9
1123 8
1124 9
1125 9
1126 9
1127 9
1128 9
1129 9
1130 9
1131 8
1132 6
1133 9
1134 8
1135 8
1136 9
1137 9
1138 9
1139 8
1140 9
1141 9
1142 9
1143 9
1144 9
1145 9
1146 9
1147 8
1148 8
1149 9
1150 8
1151 8
1152 0
1153 10
1154 8
1155 8
1156 9
1157 9
1158 8
1159 8
1160 8
1161 10
1162 8
1163 8
1164 8
1165 8
1166 8
1167 8
1168 8
1169 10
1170 8
1171 8
1172 8
1173 9
1174 8
1175 8
1176 8
1177 10
1178 8
1179 8
1180 8
1181 8
1182 8
1183 8
1184 8
1185 8
1186 8
1187 8
1188 8
1189 8
1190 8
1191 8
1192 8
1193 8
1194 8
1195 8
1196 8
1197 8
1198 8
1199 8
1200 8
1201 8
1202 8
1203 8
1204 8
1205 8
1206 8
1207 8
1208 8
1209 8
1210 8
1211 8
1212 8
1213 8
1214 8
1215 8
1216 8
1217 10
1218 8
1219 8
1220 8
1221 9
1222 8
1223 8
1224 8
1225 10
1226 8
1227 8
1228 8
1229 8
1230 8
1231 8
1232 8
1233 10
1234 8
1235 8
1236 8
1237 9
1238 8
1239 8
1240 8
1241 10
1242 8
1243 8
1244 8
1245 8
1246 8
1247 8
1248 6
1249 9
1250 8
1251 8
1252 9
1253 9
1254 9
1255 8
1256 8
1257 9
1258 8
1259 8
1260 8
1261 8
1262 8
1263 8
1264 8
1265 9
1266 8
1267 8
1268 9
1269 9
1270 9
1271 8
1272 8
1273 9
1274 8
1275 8
1276 8
1277 8
1278 8
1279 8
1280 0
1281 9
1282 8
1283 8
1284 9
1285 9
1286 9
1287 8
1288 8
1289 9
1290 8
1291 8
1292 8
1293 8
1294 8
1295 8
1296 8
1297 9
1298 8
1299 8
1300 9
1301 9
1302 9
1303 8
1304 8
1305 9
1306 8
1307 8
1308 8
1309 8
1310 8
1311 8
1312 8
1313 8
1314 8
1315 8
1316 8
1317 9
1318 8
1319 8
1320 8
1321 8
1322 8
1323 8
1324 8
1325 8
1326 8
1327 8
1328 8
1329 8
1330 8
1331 8
1332 8
1333 9
1334 8
1335 8
1336 8
1337 8
1338 8
1339 8
1340 8
1341 8
1342 8
1343 8
1344 8
1345 9
1346 8
1347 8
1348 9
1349 9
1350 9
1351 8
1352 8
1353 9
1354 8
1355 8
1356 8
1357 8
1358 8
1359 8
1360 8
1361 9
1362 8
1363 8
1364 9
1365 9
1366 9
1367 8
1368 8
1369 9
1370 8
1371 8
1372 8
1373 8
1374 8
1375 8
1376 9
1377 9
1378 9
1379 8
1380 9
1381 9
1382 9
1383 9
1384 9
1385 9
1386 9
1387 8
1388 8
1389 9
1390 8
1391 8
1392 9
1393 9
1394 9
1395 8
1396 9
1397 9
1398 9
1399 9
1400 9
1401 9
1402 9
1403 8
1404 8
1405 9
1406 8
1407 8
1408 0
1409 9
1410 9
1411 10
1412 9
1413 9
1414 9
1415 9
1416 9
1417 9
1418 9
1419 10
1420 8
1421 9
1422 8
1423 8
1424 9
1425 9
1426 9
1427 10
1428 9
1429 9
1430 9
1431 9
1432 9
1433 9
1434 9
1435 10
1436 8
1437 9
1438 8
1439 8
1440 7
1441 9
1442 8
1443 8
1444 9
1445 9
1446 9
1447 8
1448 8
1449 9
1450 8
1451 8
1452 8
1453 8
1454 8
1455 8
1456 8
1457 9
1458 8
1459 8
1460 9
1461 9
1462 9
1463 8
1464 8
1465 9
1466 8
1467 8
1468 8
1469 8
1470 8
1471 8
1472 9
1473 9
1474 9
1475 10
1476 9
1477 9
1478 9
1479 9
1480 9
1481 9
1482 9
1483 10
1484 8
1485 9
1486 8
1487 8
1488 9
1489 9
1490 9
1491 10
1492 9
1493 9
1494 9
1495 9
1496 9
1497 9
1498 9
1499 10
1500 8
1501 9
1502 8
1503 8
1504 9
1505 9
1506 9
1507 9
1508 9
1509 9
1510 9
1511 9
1512 9
1513 9
1514 9
1515 9
1516 9
1517 9
1518 9
1519 8
1520 9
1521 9
1522 9
1523 9
1524 9
1525 9
1526 9
1527 9
1528 9
1529 9
1530 9
1531 9
1532 9
1533 9
1534 9
1535 8
1536 0
1537 0
1538 0
1539 0
1540 0
1541 7
1542 9
1543 0
1544 0
1545 7
1546 9
1547 10
1548 0
1549 9
1550 9
1551 8
1552 0
1553 7
1554 9
1555 10
1556 7
1557 7
1558 9
1559 7
1560 7
1561 7
1562 9
1563 10
1564 0
1565 7
1566 8
1567 6
1568 0
1569 9
1570 0
1571 0
1572 7
1573 7
1574 9
1575 6
1576 0
1577 7
1578 8
1579 6
1580 0
1581 9
1582 8
1583 6
1584 0
1585 7
1586 8
1587 6
1588 7
1589 7
1590 9
1591 6
1592 6
1593 7
1594 8
1595 6
1596 2
1597 2
1598 8
1599 6
1600 0
1601 7
1602 9
1603 10
1604 7
1605 7
1606 9
1607 7
1608 7
1609 7
1610 9
1611 10
1612 8
1613 7
1614 8
1615 6
1616 7
1617 7
1618 9
1619 10
1620 7
1621 7
1622 9
1623 7
1624 7
1625 7
1626 9
1627 10
1628 2
1629 7
1630 8
1631 6
1632 0
1633 7
1634 9
1635 8
1636 7
1637 7
1638 9
1639 7
1640 7
1641 7
1642 9
1643 7
1644 8
1645 7
1646 9
1647 8
1648 7
1649 7
1650 9
1651 7
1652 7
1653 7
1654 9
1655 7
1656 7
1657 7
1658 9
1659 7
1660 7
1661 7
1662 9
1663 6
1664 0
1665 10
1666 10
1667 10
1668 9
1669 7
1670 9
1671 10
1672 10
1673 10
1674 10
1675 10
1676 8
1677 10
1678 8
1679 6
1680 10
1681 10
1682 10
1683 10
1684 7
1685 7
1686 9
1687 10
1688 10
1689 10
1690 10
1691 10
1692 6
1693 10
1694 8
1695 6
1696 9
1697 10
1698 8
1699 6
1700 9
1701 7
1702 8
1703 6
1704 6
1705 10
1706 8
1707 6
1708 6
1709 6
1710 8
1711 6
1712 6
1713 10
1714 8
1715 6
1716 6
1717 7
1718 8
1719 6
1720 6
1721 10
1722 8
1723 6
1724 6
1725 6
1726 8
1727 6
1728 10
1729 10
1730 10
1731 10
1732 7
1733 7
1734 9
1735 10
1736 10
1737 10
1738 10
1739 10
1740 6
1741 10
1742 8
1743 6
1744 10
1745 10
1746 10
1747 10
1748 7
1749 7
1750 9
1751 10
1752 10
1753 10
1754 10
1755 10
1756 6
1757 10
1758 8
1759 6
1760 8
1761 7
1762 9
1763 10
1764 7
1765 7
1766 9
1767 7
1768 7
1769 7
1770 9
1771 10
1772 8
1773 7
1774 8
1775 6
1776 7
1777 7
1778 9
1779 10
1780 7
1781 7
1782 9
1783 7
1784 7
1785 7
1786 9
1787 10
1788 6
1789 7
1790 8
1791 6
1792 0
1793 9
1794 9
1795 10
1796 9
1797 9
1798 9
1799 9
1800 9
1801 9
1802 9
1803 10
1804 8
1805 9
1806 8
1807 8
1808 9
1809 9
1810 9
1811 10
1812 9
1813 9
1814 9
1815 9
1816 9
1817 9
1818 9
1819 10
1820 8
1821 9
1822 8
1823 8
1824 7
1825 9
1826 8
1827 8
1828 9
1829 9
1830 9
1831 8
1832 8
1833 9
1834 8
1835 8
1836 8
1837 8
1838 8
1839 8
1840 8
1841 9
1842 8
1843 8
1844 9
1845 9
1846 9
1847 8
1848 8
1849 9
1850 8
1851 8
1852 8
1853 8
1854 8
1855 8
1856 9
1857 9
1858 9
1859 10
1860 9
1861 9
1862 9
1863 9
1864 9
1865 9
1866 9
1867 10
1868 8
1869 9
1870 8
1871 8
1872 9
1873 9
1874 9
1875 10
1876 9
1877 9
1878 9
1879 9
1880 9
1881 9
1882 9
1883 10
1884 8
1885 9
1886 8
1887 8
1888 9
1889 9
1890 9
1891 9
1892 9
1893 9
1894 9
1895 9
1896 9
1897 9
1898 9
1899 9
1900 9
1901 9
1902 9
1903 8
1904 9
1905 9
1906 9
1907 9
1908 9
1909 9
1910 9
1911 9
1912 9
1913 9
1914 9
1915 9
1916 9
1917 9
1918 9
1919 8
1920 0
1921 7
1922 9
1923 10
1924 7
1925 7
1926 9
1927 7
1928 7
1929 7
1930 9
1931 10
1932 8
1933 7
1934 9
1935 10
1936 7
1937 7
1938 9
1939 10
1940 7
1941 7
1942 9
1943 7
1944 7
1945 7
1946 9
1947 10
1948 7
1949 7
1950 9
1951 10
1952 7
1953 7
1954 9
1955 10
1956 7
1957 7
1958 9
1959 7
1960 7
1961 7
1962 9
1963 10
1964 8
1965 7
1966 8
1967 6
1968 7
1969 7
1970 9
1971 10
1972 7
1973 7
1974 9
1975 7
1976 7
1977 7
1978 9
1979 10
1980 2
1981 7
1982 8
1983 6
1984 7
1985 7
1986 9
1987 10
1988 7
1989 7
1990 9
1991 7
1992 7
1993 7
1994 9
1995 10
1996 7
1997 7
1998 9
1999 10
2000 7
2001 7
2002 9
2003 10
2004 7
2005 7
2006 9
2007 7
2008 7
2009 7
2010 9
2011 10
2012 7
2013 7
2014 9
2015 10
2016 7
2017 7
2018 9
2019 7
2020 7
2021 7
2022 9
2023 7
2024 7
2025 7
2026 9
2027 7
2028 7
2029 7
2030 9
2031 7
2032 7
2033 7
2034 9
2035 7
2036 7
2037 7
2038 9
2039 7
2040 7
2041 7
2042 9
2043 7
2044 7
2045 7
2046 9
2047 7
