#CSC Slope LUT
#Structure is comparator code (iCC) -> Stub slope
#iCC bits: 12
#<header> v1.0 12 32 </header>
0 16
1 16
2 16
3 16
4 16
5 16
6 16
7 16
8 16
9 16
10 16
11 16
12 16
13 16
14 16
15 16
16 16
17 16
18 16
19 16
20 16
21 12
22 15
23 15
24 16
25 12
26 15
27 15
28 16
29 12
30 15
31 15
32 16
33 16
34 16
35 16
36 16
37 13
38 15
39 15
40 16
41 14
42 15
43 15
44 16
45 14
46 15
47 15
48 16
49 13
50 15
51 15
52 15
53 13
54 15
55 15
56 15
57 14
58 15
59 15
60 15
61 14
62 15
63 15
64 16
65 16
66 16
67 16
68 16
69 10
70 13
71 14
72 16
73 11
74 13
75 15
76 16
77 12
78 14
79 15
80 16
81 10
82 13
83 15
84 12
85 11
86 13
87 15
88 15
89 12
90 14
91 15
92 15
93 12
94 14
95 15
96 16
97 16
98 16
99 16
100 16
101 8
102 10
103 12
104 16
105 8
106 10
107 13
108 16
109 9
110 11
111 13
112 16
113 8
114 11
115 14
116 8
117 8
118 11
119 13
120 12
121 9
122 12
123 14
124 15
125 10
126 12
127 14
128 16
129 16
130 16
131 16
132 16
133 14
134 15
135 15
136 16
137 14
138 15
139 15
140 16
141 14
142 15
143 15
144 16
145 14
146 15
147 15
148 15
149 14
150 15
151 15
152 15
153 14
154 15
155 15
156 15
157 14
158 15
159 15
160 16
161 13
162 15
163 15
164 15
165 14
166 15
167 15
168 15
169 14
170 15
171 15
172 15
173 15
174 15
175 15
176 15
177 13
178 15
179 15
180 15
181 14
182 15
183 15
184 15
185 14
186 15
187 15
188 15
189 15
190 15
191 15
192 16
193 13
194 14
195 15
196 14
197 13
198 14
199 15
200 15
201 14
202 15
203 15
204 15
205 14
206 15
207 15
208 15
209 13
210 14
211 15
212 14
213 13
214 14
215 15
216 15
217 14
218 15
219 15
220 15
221 14
222 15
223 15
224 16
225 12
226 14
227 15
228 14
229 12
230 14
231 15
232 15
233 13
234 14
235 15
236 15
237 14
238 15
239 15
240 15
241 12
242 14
243 15
244 14
245 12
246 14
247 15
248 15
249 13
250 14
251 15
252 15
253 14
254 15
255 15
256 16
257 16
258 16
259 16
260 16
261 12
262 13
263 14
264 16
265 12
266 14
267 15
268 16
269 13
270 14
271 15
272 16
273 12
274 14
275 15
276 13
277 12
278 13
279 14
280 14
281 13
282 14
283 15
284 15
285 13
286 14
287 15
288 16
289 12
290 14
291 15
292 13
293 12
294 14
295 15
296 15
297 13
298 14
299 15
300 15
301 14
302 15
303 15
304 12
305 12
306 14
307 15
308 13
309 12
310 14
311 15
312 15
313 13
314 14
315 15
316 15
317 14
318 15
319 15
320 16
321 11
322 13
323 15
324 13
325 12
326 13
327 14
328 15
329 12
330 14
331 15
332 15
333 13
334 14
335 15
336 12
337 11
338 13
339 14
340 12
341 12
342 13
343 14
344 14
345 12
346 14
347 15
348 15
349 13
350 14
351 15
352 16
353 11
354 13
355 14
356 12
357 11
358 12
359 14
360 14
361 12
362 13
363 14
364 15
365 12
366 14
367 15
368 12
369 10
370 13
371 14
372 12
373 11
374 12
375 14
376 14
377 12
378 13
379 14
380 15
381 12
382 14
383 15
384 16
385 16
386 16
387 16
388 16
389 10
390 11
391 13
392 16
393 10
394 12
395 13
396 16
397 11
398 12
399 14
400 16
401 10
402 12
403 14
404 10
405 10
406 11
407 13
408 12
409 10
410 12
411 14
412 14
413 11
414 13
415 14
416 16
417 10
418 12
419 14
420 11
421 11
422 12
423 14
424 14
425 12
426 13
427 14
428 15
429 12
430 14
431 15
432 8
433 10
434 12
435 14
436 11
437 11
438 12
439 14
440 13
441 12
442 13
443 14
444 15
445 12
446 14
447 15
448 16
449 10
450 12
451 14
452 10
453 10
454 12
455 13
456 13
457 11
458 12
459 14
460 15
461 12
462 13
463 14
464 8
465 10
466 12
467 14
468 10
469 10
470 12
471 13
472 12
473 11
474 12
475 14
476 14
477 12
478 13
479 14
480 16
481 9
482 11
483 13
484 10
485 9
486 11
487 12
488 13
489 10
490 12
491 13
492 15
493 11
494 12
495 14
496 8
497 9
498 11
499 13
500 9
501 9
502 11
503 12
504 12
505 10
506 12
507 13
508 14
509 11
510 12
511 14
512 16
513 16
514 16
515 16
516 16
517 13
518 14
519 14
520 16
521 13
522 14
523 15
524 16
525 14
526 14
527 15
528 16
529 12
530 14
531 14
532 13
533 13
534 14
535 14
536 14
537 13
538 14
539 15
540 15
541 14
542 14
543 15
544 16
545 12
546 14
547 15
548 14
549 13
550 14
551 14
552 15
553 13
554 14
555 15
556 15
557 14
558 14
559 15
560 13
561 12
562 14
563 15
564 13
565 13
566 14
567 14
568 14
569 13
570 14
571 15
572 15
573 14
574 14
575 15
576 16
577 12
578 14
579 15
580 14
581 12
582 14
583 14
584 15
585 13
586 14
587 15
588 15
589 14
590 14
591 15
592 13
593 12
594 14
595 14
596 13
597 12
598 14
599 14
600 14
601 13
602 14
603 14
604 15
605 14
606 14
607 15
608 16
609 12
610 14
611 14
612 14
613 12
614 13
615 14
616 15
617 13
618 14
619 14
620 15
621 13
622 14
623 15
624 14
625 12
626 13
627 14
628 13
629 12
630 13
631 14
632 14
633 13
634 14
635 14
636 15
637 13
638 14
639 15
640 16
641 13
642 14
643 15
644 14
645 13
646 14
647 15
648 15
649 14
650 14
651 15
652 15
653 14
654 15
655 15
656 13
657 13
658 14
659 15
660 14
661 13
662 14
663 14
664 15
665 14
666 14
667 15
668 15
669 14
670 15
671 15
672 12
673 13
674 14
675 15
676 14
677 13
678 14
679 15
680 15
681 14
682 14
683 15
684 15
685 14
686 15
687 15
688 13
689 13
690 14
691 15
692 14
693 13
694 14
695 15
696 15
697 14
698 14
699 15
700 15
701 14
702 15
703 15
704 15
705 13
706 14
707 15
708 14
709 13
710 14
711 14
712 15
713 14
714 14
715 15
716 15
717 14
718 15
719 15
720 14
721 13
722 14
723 15
724 14
725 13
726 14
727 14
728 15
729 14
730 14
731 15
732 15
733 14
734 15
735 15
736 15
737 13
738 14
739 15
740 14
741 13
742 14
743 14
744 15
745 14
746 14
747 15
748 15
749 14
750 15
751 15
752 14
753 13
754 14
755 15
756 14
757 13
758 14
759 14
760 15
761 13
762 14
763 15
764 15
765 14
766 14
767 15
768 16
769 12
770 14
771 15
772 13
773 12
774 14
775 14
776 15
777 13
778 14
779 15
780 15
781 14
782 14
783 15
784 13
785 12
786 14
787 14
788 13
789 12
790 14
791 14
792 14
793 13
794 14
795 14
796 15
797 14
798 14
799 15
800 12
801 12
802 14
803 15
804 13
805 13
806 14
807 14
808 14
809 13
810 14
811 15
812 15
813 14
814 14
815 15
816 12
817 12
818 14
819 14
820 13
821 13
822 14
823 14
824 14
825 13
826 14
827 15
828 15
829 14
830 14
831 15
832 15
833 12
834 14
835 15
836 13
837 12
838 14
839 14
840 15
841 13
842 14
843 15
844 15
845 14
846 14
847 15
848 13
849 12
850 14
851 14
852 13
853 12
854 13
855 14
856 14
857 13
858 14
859 14
860 15
861 14
862 14
863 15
864 15
865 12
866 14
867 15
868 14
869 12
870 13
871 14
872 15
873 13
874 14
875 14
876 15
877 14
878 14
879 15
880 14
881 12
882 13
883 14
884 13
885 12
886 13
887 14
888 14
889 13
890 14
891 14
892 15
893 13
894 14
895 15
896 16
897 12
898 13
899 14
900 13
901 12
902 13
903 14
904 14
905 12
906 14
907 14
908 15
909 13
910 14
911 15
912 12
913 11
914 13
915 14
916 12
917 12
918 13
919 14
920 14
921 12
922 13
923 14
924 15
925 13
926 14
927 14
928 12
929 12
930 13
931 14
932 13
933 12
934 13
935 14
936 14
937 13
938 14
939 14
940 15
941 13
942 14
943 15
944 12
945 12
946 13
947 14
948 12
949 12
950 13
951 14
952 14
953 13
954 14
955 14
956 15
957 13
958 14
959 15
960 15
961 12
962 13
963 14
964 13
965 12
966 13
967 14
968 14
969 12
970 14
971 14
972 15
973 13
974 14
975 15
976 12
977 11
978 13
979 14
980 12
981 12
982 13
983 14
984 14
985 12
986 13
987 14
988 15
989 13
990 14
991 14
992 15
993 12
994 13
995 14
996 13
997 12
998 13
999 14
1000 14
1001 12
1002 13
1003 14
1004 15
1005 13
1006 14
1007 14
1008 13
1009 11
1010 13
1011 14
1012 12
1013 11
1014 13
1015 14
1016 14
1017 12
1018 13
1019 14
1020 15
1021 13
1022 14
1023 14
1024 16
1025 16
1026 16
1027 16
1028 16
1029 11
1030 12
1031 13
1032 16
1033 12
1034 13
1035 14
1036 16
1037 12
1038 13
1039 14
1040 16
1041 11
1042 12
1043 14
1044 11
1045 11
1046 12
1047 13
1048 13
1049 12
1050 13
1051 14
1052 14
1053 12
1054 13
1055 14
1056 16
1057 11
1058 13
1059 14
1060 12
1061 11
1062 13
1063 14
1064 14
1065 12
1066 13
1067 14
1068 15
1069 13
1070 14
1071 14
1072 10
1073 11
1074 12
1075 14
1076 11
1077 11
1078 12
1079 14
1080 13
1081 12
1082 13
1083 14
1084 14
1085 13
1086 14
1087 14
1088 16
1089 11
1090 12
1091 14
1092 12
1093 11
1094 12
1095 13
1096 14
1097 12
1098 13
1099 14
1100 15
1101 12
1102 13
1103 14
1104 10
1105 11
1106 12
1107 14
1108 11
1109 11
1110 12
1111 13
1112 13
1113 12
1114 13
1115 14
1116 14
1117 12
1118 13
1119 14
1120 16
1121 10
1122 12
1123 14
1124 12
1125 10
1126 12
1127 13
1128 14
1129 11
1130 12
1131 14
1132 15
1133 12
1134 13
1135 14
1136 11
1137 10
1138 12
1139 13
1140 11
1141 10
1142 12
1143 13
1144 13
1145 11
1146 12
1147 13
1148 14
1149 12
1150 13
1151 14
1152 16
1153 12
1154 13
1155 14
1156 12
1157 12
1158 13
1159 14
1160 14
1161 13
1162 14
1163 14
1164 15
1165 13
1166 14
1167 15
1168 11
1169 12
1170 13
1171 14
1172 12
1173 12
1174 13
1175 14
1176 14
1177 13
1178 14
1179 14
1180 15
1181 13
1182 14
1183 15
1184 8
1185 12
1186 13
1187 14
1188 12
1189 12
1190 13
1191 14
1192 14
1193 13
1194 14
1195 14
1196 15
1197 14
1198 14
1199 15
1200 11
1201 12
1202 13
1203 14
1204 12
1205 12
1206 13
1207 14
1208 14
1209 13
1210 14
1211 14
1212 15
1213 13
1214 14
1215 15
1216 12
1217 12
1218 13
1219 14
1220 13
1221 12
1222 13
1223 14
1224 14
1225 13
1226 14
1227 14
1228 15
1229 13
1230 14
1231 15
1232 12
1233 12
1234 13
1235 14
1236 12
1237 12
1238 13
1239 14
1240 14
1241 13
1242 14
1243 14
1244 15
1245 13
1246 14
1247 15
1248 15
1249 12
1250 13
1251 14
1252 13
1253 12
1254 13
1255 14
1256 14
1257 12
1258 14
1259 14
1260 15
1261 13
1262 14
1263 15
1264 12
1265 11
1266 13
1267 14
1268 12
1269 12
1270 13
1271 14
1272 14
1273 12
1274 13
1275 14
1276 15
1277 13
1278 14
1279 14
1280 16
1281 11
1282 13
1283 14
1284 12
1285 11
1286 12
1287 14
1288 14
1289 12
1290 13
1291 14
1292 15
1293 13
1294 14
1295 14
1296 10
1297 11
1298 12
1299 14
1300 12
1301 11
1302 12
1303 13
1304 13
1305 12
1306 13
1307 14
1308 14
1309 13
1310 14
1311 14
1312 8
1313 11
1314 13
1315 14
1316 12
1317 11
1318 13
1319 14
1320 14
1321 12
1322 13
1323 14
1324 15
1325 13
1326 14
1327 14
1328 10
1329 11
1330 12
1331 14
1332 12
1333 11
1334 13
1335 14
1336 13
1337 12
1338 13
1339 14
1340 14
1341 13
1342 14
1343 14
1344 12
1345 11
1346 13
1347 14
1348 12
1349 11
1350 12
1351 14
1352 14
1353 12
1354 13
1355 14
1356 15
1357 13
1358 14
1359 14
1360 11
1361 11
1362 12
1363 14
1364 12
1365 11
1366 12
1367 13
1368 13
1369 12
1370 13
1371 14
1372 14
1373 13
1374 14
1375 14
1376 15
1377 11
1378 13
1379 14
1380 12
1381 11
1382 12
1383 13
1384 14
1385 12
1386 13
1387 14
1388 15
1389 13
1390 14
1391 14
1392 12
1393 11
1394 12
1395 14
1396 12
1397 11
1398 12
1399 13
1400 13
1401 12
1402 13
1403 14
1404 14
1405 12
1406 13
1407 14
1408 16
1409 10
1410 12
1411 14
1412 11
1413 11
1414 12
1415 13
1416 13
1417 11
1418 12
1419 14
1420 15
1421 12
1422 13
1423 14
1424 10
1425 10
1426 12
1427 13
1428 11
1429 10
1430 12
1431 13
1432 12
1433 11
1434 12
1435 13
1436 14
1437 12
1438 13
1439 14
1440 8
1441 10
1442 12
1443 14
1444 11
1445 11
1446 12
1447 13
1448 13
1449 12
1450 13
1451 14
1452 14
1453 12
1454 13
1455 14
1456 9
1457 10
1458 12
1459 13
1460 11
1461 11
1462 12
1463 13
1464 12
1465 11
1466 13
1467 14
1468 14
1469 12
1470 13
1471 14
1472 12
1473 10
1474 12
1475 14
1476 11
1477 11
1478 12
1479 13
1480 13
1481 11
1482 13
1483 14
1484 14
1485 12
1486 13
1487 14
1488 10
1489 10
1490 12
1491 13
1492 11
1493 10
1494 12
1495 13
1496 12
1497 11
1498 12
1499 13
1500 14
1501 12
1502 13
1503 14
1504 15
1505 10
1506 12
1507 14
1508 11
1509 10
1510 12
1511 13
1512 13
1513 11
1514 12
1515 14
1516 15
1517 12
1518 13
1519 14
1520 11
1521 10
1522 12
1523 13
1524 11
1525 10
1526 11
1527 13
1528 12
1529 11
1530 12
1531 13
1532 14
1533 12
1534 13
1535 14
1536 16
1537 16
1538 16
1539 16
1540 16
1541 9
1542 10
1543 12
1544 16
1545 10
1546 11
1547 12
1548 16
1549 10
1550 12
1551 13
1552 16
1553 9
1554 10
1555 12
1556 9
1557 9
1558 10
1559 12
1560 11
1561 10
1562 11
1563 12
1564 12
1565 10
1566 12
1567 13
1568 16
1569 9
1570 11
1571 13
1572 10
1573 10
1574 11
1575 12
1576 12
1577 10
1578 12
1579 13
1580 14
1581 11
1582 12
1583 14
1584 7
1585 9
1586 11
1587 12
1588 9
1589 10
1590 11
1591 12
1592 11
1593 10
1594 12
1595 13
1596 13
1597 11
1598 12
1599 13
1600 16
1601 9
1602 11
1603 13
1604 10
1605 9
1606 11
1607 12
1608 12
1609 10
1610 11
1611 13
1612 14
1613 11
1614 12
1615 13
1616 8
1617 9
1618 11
1619 12
1620 9
1621 9
1622 11
1623 12
1624 11
1625 10
1626 11
1627 12
1628 12
1629 11
1630 12
1631 13
1632 16
1633 9
1634 11
1635 12
1636 10
1637 9
1638 10
1639 11
1640 12
1641 10
1642 11
1643 12
1644 14
1645 10
1646 12
1647 13
1648 8
1649 9
1650 10
1651 12
1652 9
1653 9
1654 10
1655 11
1656 10
1657 10
1658 11
1659 12
1660 12
1661 10
1662 11
1663 13
1664 16
1665 10
1666 12
1667 14
1668 11
1669 11
1670 12
1671 13
1672 13
1673 12
1674 13
1675 14
1676 14
1677 12
1678 13
1679 14
1680 9
1681 10
1682 12
1683 13
1684 11
1685 11
1686 12
1687 13
1688 12
1689 11
1690 13
1691 14
1692 14
1693 12
1694 13
1695 14
1696 4
1697 10
1698 12
1699 14
1700 11
1701 11
1702 12
1703 13
1704 13
1705 12
1706 13
1707 14
1708 14
1709 12
1710 14
1711 14
1712 8
1713 10
1714 12
1715 13
1716 11
1717 11
1718 12
1719 13
1720 12
1721 12
1722 13
1723 14
1724 14
1725 12
1726 13
1727 14
1728 8
1729 10
1730 12
1731 14
1732 11
1733 11
1734 12
1735 13
1736 13
1737 12
1738 13
1739 14
1740 14
1741 12
1742 13
1743 14
1744 9
1745 10
1746 12
1747 13
1748 11
1749 11
1750 12
1751 13
1752 12
1753 11
1754 13
1755 14
1756 14
1757 12
1758 13
1759 14
1760 12
1761 10
1762 12
1763 14
1764 11
1765 11
1766 12
1767 13
1768 13
1769 11
1770 13
1771 14
1772 14
1773 12
1774 13
1775 14
1776 10
1777 10
1778 12
1779 13
1780 11
1781 10
1782 12
1783 13
1784 12
1785 11
1786 12
1787 13
1788 14
1789 12
1790 13
1791 14
1792 16
1793 10
1794 12
1795 13
1796 10
1797 10
1798 11
1799 12
1800 12
1801 11
1802 12
1803 13
1804 14
1805 12
1806 13
1807 14
1808 8
1809 10
1810 11
1811 13
1812 10
1813 10
1814 11
1815 12
1816 12
1817 11
1818 12
1819 13
1820 13
1821 11
1822 12
1823 14
1824 4
1825 10
1826 12
1827 13
1828 10
1829 10
1830 12
1831 13
1832 12
1833 11
1834 12
1835 13
1836 14
1837 12
1838 13
1839 14
1840 8
1841 10
1842 11
1843 13
1844 10
1845 10
1846 11
1847 13
1848 12
1849 11
1850 12
1851 13
1852 13
1853 12
1854 13
1855 14
1856 8
1857 10
1858 12
1859 13
1860 10
1861 10
1862 11
1863 13
1864 12
1865 11
1866 12
1867 13
1868 14
1869 12
1870 13
1871 14
1872 8
1873 10
1874 11
1875 13
1876 10
1877 10
1878 11
1879 12
1880 12
1881 11
1882 12
1883 13
1884 13
1885 11
1886 13
1887 14
1888 12
1889 10
1890 12
1891 13
1892 10
1893 10
1894 11
1895 12
1896 13
1897 11
1898 12
1899 13
1900 14
1901 11
1902 13
1903 14
1904 9
1905 10
1906 11
1907 13
1908 10
1909 10
1910 11
1911 12
1912 12
1913 10
1914 12
1915 13
1916 13
1917 11
1918 12
1919 13
1920 16
1921 9
1922 11
1923 13
1924 10
1925 9
1926 11
1927 12
1928 12
1929 10
1930 11
1931 12
1932 14
1933 11
1934 12
1935 13
1936 8
1937 9
1938 10
1939 12
1940 9
1941 9
1942 10
1943 12
1944 11
1945 10
1946 11
1947 12
1948 12
1949 11
1950 12
1951 13
1952 4
1953 9
1954 11
1955 13
1956 9
1957 10
1958 11
1959 12
1960 11
1961 10
1962 12
1963 13
1964 13
1965 11
1966 12
1967 14
1968 7
1969 9
1970 11
1971 12
1972 9
1973 10
1974 11
1975 12
1976 11
1977 10
1978 11
1979 13
1980 12
1981 11
1982 12
1983 13
1984 8
1985 9
1986 11
1987 13
1988 10
1989 9
1990 11
1991 12
1992 12
1993 10
1994 11
1995 13
1996 14
1997 11
1998 12
1999 13
2000 8
2001 9
2002 11
2003 12
2004 9
2005 9
2006 10
2007 12
2008 11
2009 10
2010 11
2011 12
2012 12
2013 11
2014 12
2015 13
2016 12
2017 9
2018 11
2019 13
2020 10
2021 9
2022 10
2023 12
2024 12
2025 10
2026 11
2027 12
2028 14
2029 11
2030 12
2031 13
2032 8
2033 9
2034 10
2035 12
2036 9
2037 9
2038 10
2039 11
2040 11
2041 10
2042 11
2043 12
2044 12
2045 10
2046 12
2047 13
