#<header> v1.0 12 32 </header>
0 0
1 0
2 0
3 0
4 0
5 0
6 0
7 0
8 0
9 0
10 0
11 0
12 0
13 0
14 0
15 0
16 0
17 0
18 0
19 0
20 0
21 3
22 5
23 0
24 0
25 3
26 5
27 7
28 0
29 7
30 7
31 7
32 0
33 0
34 0
35 0
36 0
37 7
38 7
39 9
40 0
41 7
42 7
43 8
44 0
45 0
46 0
47 8
48 0
49 0
50 0
51 0
52 0
53 3
54 5
55 9
56 0
57 3
58 5
59 7
60 6
61 6
62 6
63 6
64 0
65 0
66 0
67 0
68 0
69 3
70 7
71 9
72 0
73 3
74 7
75 7
76 0
77 7
78 7
79 7
80 0
81 3
82 7
83 7
84 3
85 3
86 3
87 3
88 3
89 3
90 7
91 7
92 6
93 7
94 7
95 7
96 0
97 0
98 0
99 0
100 0
101 3
102 5
103 0
104 0
105 3
106 5
107 7
108 0
109 7
110 7
111 7
112 0
113 3
114 5
115 7
116 3
117 3
118 5
119 3
120 3
121 3
122 5
123 7
124 7
125 7
126 7
127 7
128 0
129 0
130 0
131 0
132 0
133 7
134 7
135 9
136 0
137 7
138 9
139 9
140 0
141 0
142 9
143 9
144 0
145 0
146 9
147 9
148 0
149 3
150 5
151 9
152 9
153 3
154 9
155 9
156 8
157 7
158 9
159 9
160 0
161 7
162 7
163 9
164 7
165 7
166 7
167 9
168 7
169 7
170 9
171 9
172 8
173 8
174 8
175 8
176 8
177 8
178 8
179 8
180 8
181 3
182 5
183 8
184 8
185 3
186 9
187 9
188 8
189 8
190 8
191 8
192 0
193 7
194 9
195 9
196 7
197 3
198 9
199 9
200 9
201 3
202 9
203 9
204 8
205 7
206 9
207 9
208 8
209 3
210 9
211 9
212 3
213 3
214 9
215 9
216 9
217 3
218 9
219 9
220 8
221 7
222 9
223 9
224 0
225 0
226 9
227 9
228 0
229 3
230 5
231 9
232 9
233 3
234 9
235 9
236 9
237 7
238 9
239 9
240 9
241 3
242 9
243 9
244 3
245 3
246 5
247 9
248 9
249 3
250 9
251 9
252 9
253 7
254 9
255 9
256 0
257 0
258 0
259 0
260 0
261 5
262 7
263 9
264 0
265 7
266 7
267 7
268 0
269 7
270 7
271 7
272 0
273 7
274 7
275 7
276 0
277 3
278 5
279 7
280 7
281 7
282 7
283 7
284 7
285 7
286 7
287 7
288 0
289 7
290 7
291 9
292 3
293 7
294 7
295 9
296 7
297 7
298 7
299 7
300 0
301 7
302 7
303 7
304 0
305 7
306 7
307 7
308 3
309 3
310 5
311 7
312 7
313 7
314 7
315 7
316 6
317 7
318 7
319 7
320 0
321 7
322 7
323 7
324 3
325 3
326 7
327 7
328 7
329 7
330 7
331 7
332 7
333 7
334 7
335 7
336 7
337 7
338 7
339 7
340 3
341 3
342 7
343 7
344 7
345 7
346 7
347 7
348 7
349 7
350 7
351 7
352 0
353 7
354 7
355 7
356 3
357 3
358 5
359 7
360 7
361 7
362 7
363 7
364 7
365 7
366 7
367 7
368 7
369 7
370 7
371 7
372 3
373 3
374 5
375 7
376 7
377 7
378 7
379 7
380 7
381 7
382 7
383 7
384 0
385 0
386 0
387 0
388 0
389 3
390 5
391 0
392 0
393 3
394 5
395 7
396 0
397 7
398 7
399 7
400 0
401 3
402 5
403 7
404 3
405 3
406 5
407 3
408 3
409 3
410 5
411 7
412 7
413 7
414 7
415 7
416 0
417 0
418 0
419 0
420 3
421 3
422 5
423 3
424 0
425 3
426 5
427 7
428 0
429 7
430 7
431 7
432 0
433 3
434 5
435 7
436 3
437 3
438 5
439 3
440 3
441 3
442 5
443 7
444 6
445 7
446 7
447 7
448 0
449 3
450 7
451 7
452 3
453 3
454 3
455 3
456 3
457 3
458 7
459 7
460 7
461 7
462 7
463 7
464 3
465 3
466 7
467 7
468 3
469 3
470 3
471 3
472 3
473 3
474 7
475 7
476 7
477 7
478 7
479 7
480 0
481 3
482 5
483 7
484 3
485 3
486 5
487 3
488 3
489 3
490 5
491 7
492 7
493 7
494 7
495 7
496 3
497 3
498 5
499 7
500 3
501 3
502 5
503 3
504 3
505 3
506 5
507 7
508 7
509 7
510 7
511 7
512 0
513 0
514 0
515 0
516 0
517 5
518 7
519 9
520 0
521 7
522 7
523 7
524 0
525 7
526 7
527 7
528 0
529 7
530 7
531 7
532 0
533 3
534 5
535 7
536 7
537 7
538 7
539 7
540 7
541 7
542 7
543 7
544 0
545 7
546 7
547 9
548 7
549 7
550 7
551 9
552 7
553 7
554 7
555 7
556 0
557 7
558 7
559 7
560 0
561 7
562 7
563 7
564 7
565 3
566 5
567 7
568 7
569 7
570 7
571 7
572 6
573 7
574 7
575 7
576 0
577 7
578 7
579 7
580 5
581 3
582 7
583 7
584 7
585 7
586 7
587 7
588 7
589 7
590 7
591 7
592 7
593 7
594 7
595 7
596 3
597 3
598 7
599 7
600 7
601 7
602 7
603 7
604 7
605 7
606 7
607 7
608 0
609 7
610 7
611 7
612 5
613 3
614 5
615 7
616 7
617 7
618 7
619 7
620 7
621 7
622 7
623 7
624 7
625 7
626 7
627 7
628 3
629 3
630 5
631 7
632 7
633 7
634 7
635 7
636 7
637 7
638 7
639 7
640 0
641 7
642 9
643 9
644 7
645 7
646 9
647 9
648 9
649 7
650 9
651 9
652 9
653 7
654 9
655 9
656 9
657 7
658 9
659 9
660 9
661 3
662 9
663 9
664 9
665 7
666 9
667 9
668 9
669 7
670 9
671 9
672 7
673 7
674 9
675 9
676 7
677 7
678 9
679 9
680 9
681 7
682 9
683 9
684 8
685 7
686 9
687 9
688 8
689 7
690 9
691 9
692 8
693 3
694 9
695 9
696 9
697 7
698 9
699 9
700 8
701 7
702 9
703 9
704 9
705 7
706 9
707 9
708 9
709 3
710 9
711 9
712 9
713 7
714 9
715 9
716 9
717 7
718 9
719 9
720 9
721 7
722 9
723 9
724 9
725 3
726 9
727 9
728 9
729 7
730 9
731 9
732 9
733 7
734 9
735 9
736 9
737 7
738 9
739 9
740 9
741 3
742 9
743 9
744 9
745 7
746 9
747 9
748 9
749 7
750 9
751 9
752 9
753 7
754 9
755 9
756 9
757 3
758 9
759 9
760 9
761 7
762 9
763 9
764 9
765 7
766 9
767 9
768 0
769 7
770 7
771 7
772 5
773 7
774 7
775 7
776 7
777 7
778 7
779 7
780 7
781 7
782 7
783 7
784 7
785 7
786 7
787 7
788 7
789 7
790 7
791 7
792 7
793 7
794 7
795 7
796 7
797 7
798 7
799 7
800 7
801 7
802 7
803 7
804 7
805 7
806 7
807 7
808 7
809 7
810 7
811 7
812 7
813 7
814 7
815 7
816 7
817 7
818 7
819 7
820 7
821 7
822 7
823 7
824 7
825 7
826 7
827 7
828 7
829 7
830 7
831 7
832 7
833 7
834 7
835 7
836 7
837 7
838 7
839 7
840 7
841 7
842 7
843 7
844 7
845 7
846 7
847 7
848 7
849 7
850 7
851 7
852 7
853 7
854 7
855 7
856 7
857 7
858 7
859 7
860 7
861 7
862 7
863 7
864 7
865 7
866 7
867 7
868 7
869 7
870 7
871 7
872 7
873 7
874 7
875 7
876 7
877 7
878 7
879 7
880 7
881 7
882 7
883 7
884 7
885 7
886 7
887 7
888 7
889 7
890 7
891 7
892 7
893 7
894 7
895 7
896 0
897 7
898 7
899 7
900 5
901 3
902 5
903 7
904 7
905 7
906 7
907 7
908 7
909 7
910 7
911 7
912 7
913 7
914 7
915 7
916 3
917 3
918 5
919 7
920 7
921 7
922 7
923 7
924 7
925 7
926 7
927 7
928 0
929 7
930 7
931 7
932 3
933 3
934 5
935 7
936 7
937 7
938 7
939 7
940 7
941 7
942 7
943 7
944 7
945 7
946 7
947 7
948 3
949 3
950 5
951 7
952 7
953 7
954 7
955 7
956 7
957 7
958 7
959 7
960 7
961 7
962 7
963 7
964 3
965 3
966 7
967 7
968 7
969 7
970 7
971 7
972 7
973 7
974 7
975 7
976 7
977 7
978 7
979 7
980 3
981 3
982 7
983 7
984 7
985 7
986 7
987 7
988 7
989 7
990 7
991 7
992 7
993 7
994 7
995 7
996 3
997 3
998 5
999 7
1000 7
1001 7
1002 7
1003 7
1004 7
1005 7
1006 7
1007 7
1008 7
1009 7
1010 7
1011 7
1012 3
1013 3
1014 5
1015 7
1016 7
1017 7
1018 7
1019 7
1020 7
1021 7
1022 7
1023 7
1024 0
1025 0
1026 0
1027 0
1028 0
1029 5
1030 5
1031 0
1032 0
1033 5
1034 5
1035 7
1036 0
1037 7
1038 7
1039 7
1040 0
1041 5
1042 5
1043 7
1044 5
1045 5
1046 5
1047 5
1048 5
1049 5
1050 5
1051 7
1052 7
1053 7
1054 7
1055 7
1056 0
1057 7
1058 7
1059 0
1060 3
1061 5
1062 5
1063 3
1064 7
1065 5
1066 5
1067 7
1068 0
1069 7
1070 7
1071 7
1072 0
1073 5
1074 5
1075 7
1076 5
1077 5
1078 5
1079 5
1080 5
1081 5
1082 5
1083 7
1084 6
1085 7
1086 7
1087 7
1088 0
1089 7
1090 7
1091 7
1092 3
1093 3
1094 5
1095 7
1096 7
1097 7
1098 7
1099 7
1100 7
1101 7
1102 7
1103 7
1104 7
1105 7
1106 7
1107 7
1108 3
1109 3
1110 5
1111 7
1112 7
1113 7
1114 7
1115 7
1116 7
1117 7
1118 7
1119 7
1120 0
1121 5
1122 5
1123 7
1124 5
1125 5
1126 5
1127 5
1128 5
1129 5
1130 5
1131 7
1132 7
1133 7
1134 7
1135 7
1136 5
1137 5
1138 5
1139 7
1140 5
1141 5
1142 5
1143 5
1144 5
1145 5
1146 5
1147 7
1148 7
1149 7
1150 7
1151 7
1152 0
1153 7
1154 9
1155 9
1156 7
1157 5
1158 5
1159 9
1160 9
1161 5
1162 9
1163 9
1164 9
1165 7
1166 9
1167 9
1168 9
1169 5
1170 9
1171 9
1172 5
1173 5
1174 5
1175 9
1176 9
1177 5
1178 9
1179 9
1180 9
1181 7
1182 9
1183 9
1184 7
1185 7
1186 9
1187 9
1188 7
1189 5
1190 5
1191 9
1192 9
1193 5
1194 9
1195 9
1196 8
1197 7
1198 9
1199 9
1200 8
1201 5
1202 9
1203 9
1204 5
1205 5
1206 5
1207 9
1208 9
1209 5
1210 9
1211 9
1212 8
1213 7
1214 9
1215 9
1216 9
1217 7
1218 9
1219 9
1220 9
1221 3
1222 9
1223 9
1224 9
1225 7
1226 9
1227 9
1228 9
1229 7
1230 9
1231 9
1232 9
1233 7
1234 9
1235 9
1236 9
1237 3
1238 9
1239 9
1240 9
1241 7
1242 9
1243 9
1244 9
1245 7
1246 9
1247 9
1248 9
1249 5
1250 9
1251 9
1252 5
1253 5
1254 5
1255 9
1256 9
1257 5
1258 9
1259 9
1260 9
1261 7
1262 9
1263 9
1264 9
1265 5
1266 9
1267 9
1268 5
1269 5
1270 5
1271 9
1272 9
1273 5
1274 9
1275 9
1276 9
1277 7
1278 9
1279 9
1280 0
1281 7
1282 7
1283 7
1284 3
1285 5
1286 5
1287 7
1288 7
1289 7
1290 7
1291 7
1292 7
1293 7
1294 7
1295 7
1296 7
1297 7
1298 7
1299 7
1300 5
1301 5
1302 5
1303 7
1304 7
1305 7
1306 7
1307 7
1308 7
1309 7
1310 7
1311 7
1312 3
1313 7
1314 7
1315 7
1316 3
1317 5
1318 5
1319 7
1320 7
1321 7
1322 7
1323 7
1324 7
1325 7
1326 7
1327 7
1328 7
1329 7
1330 7
1331 7
1332 5
1333 5
1334 5
1335 7
1336 7
1337 7
1338 7
1339 7
1340 7
1341 7
1342 7
1343 7
1344 7
1345 7
1346 7
1347 7
1348 7
1349 7
1350 7
1351 7
1352 7
1353 7
1354 7
1355 7
1356 7
1357 7
1358 7
1359 7
1360 7
1361 7
1362 7
1363 7
1364 7
1365 7
1366 7
1367 7
1368 7
1369 7
1370 7
1371 7
1372 7
1373 7
1374 7
1375 7
1376 7
1377 7
1378 7
1379 7
1380 5
1381 5
1382 5
1383 7
1384 7
1385 7
1386 7
1387 7
1388 7
1389 7
1390 7
1391 7
1392 7
1393 7
1394 7
1395 7
1396 5
1397 5
1398 5
1399 7
1400 7
1401 7
1402 7
1403 7
1404 7
1405 7
1406 7
1407 7
1408 0
1409 5
1410 5
1411 7
1412 5
1413 5
1414 5
1415 5
1416 5
1417 5
1418 5
1419 7
1420 7
1421 7
1422 7
1423 7
1424 5
1425 5
1426 5
1427 7
1428 5
1429 5
1430 5
1431 5
1432 5
1433 5
1434 5
1435 7
1436 7
1437 7
1438 7
1439 7
1440 3
1441 5
1442 5
1443 7
1444 5
1445 5
1446 5
1447 5
1448 5
1449 5
1450 5
1451 7
1452 7
1453 7
1454 7
1455 7
1456 5
1457 5
1458 5
1459 7
1460 5
1461 5
1462 5
1463 5
1464 5
1465 5
1466 5
1467 7
1468 7
1469 7
1470 7
1471 7
1472 7
1473 7
1474 7
1475 7
1476 3
1477 3
1478 5
1479 7
1480 7
1481 7
1482 7
1483 7
1484 7
1485 7
1486 7
1487 7
1488 7
1489 7
1490 7
1491 7
1492 3
1493 3
1494 5
1495 7
1496 7
1497 7
1498 7
1499 7
1500 7
1501 7
1502 7
1503 7
1504 5
1505 5
1506 5
1507 7
1508 5
1509 5
1510 5
1511 5
1512 5
1513 5
1514 5
1515 7
1516 7
1517 7
1518 7
1519 7
1520 5
1521 5
1522 5
1523 7
1524 5
1525 5
1526 5
1527 5
1528 5
1529 5
1530 5
1531 7
1532 7
1533 7
1534 7
1535 7
1536 0
1537 0
1538 0
1539 0
1540 0
1541 3
1542 5
1543 0
1544 0
1545 3
1546 5
1547 7
1548 0
1549 7
1550 7
1551 7
1552 0
1553 3
1554 5
1555 7
1556 3
1557 3
1558 5
1559 3
1560 3
1561 3
1562 5
1563 7
1564 7
1565 7
1566 7
1567 7
1568 0
1569 0
1570 0
1571 0
1572 3
1573 3
1574 5
1575 3
1576 0
1577 3
1578 5
1579 7
1580 0
1581 7
1582 7
1583 7
1584 0
1585 3
1586 5
1587 7
1588 3
1589 3
1590 5
1591 3
1592 3
1593 3
1594 5
1595 7
1596 6
1597 7
1598 7
1599 7
1600 0
1601 3
1602 7
1603 7
1604 3
1605 3
1606 3
1607 3
1608 3
1609 3
1610 7
1611 7
1612 7
1613 7
1614 7
1615 7
1616 3
1617 3
1618 7
1619 7
1620 3
1621 3
1622 3
1623 3
1624 3
1625 3
1626 7
1627 7
1628 7
1629 7
1630 7
1631 7
1632 0
1633 3
1634 5
1635 7
1636 3
1637 3
1638 5
1639 3
1640 3
1641 3
1642 5
1643 7
1644 7
1645 7
1646 7
1647 7
1648 3
1649 3
1650 5
1651 7
1652 3
1653 3
1654 5
1655 3
1656 3
1657 3
1658 5
1659 7
1660 7
1661 7
1662 7
1663 7
1664 0
1665 0
1666 0
1667 0
1668 0
1669 3
1670 5
1671 9
1672 0
1673 3
1674 5
1675 7
1676 0
1677 7
1678 7
1679 7
1680 0
1681 3
1682 5
1683 7
1684 3
1685 3
1686 5
1687 3
1688 3
1689 3
1690 5
1691 7
1692 7
1693 7
1694 7
1695 7
1696 0
1697 7
1698 7
1699 9
1700 3
1701 3
1702 5
1703 9
1704 7
1705 3
1706 5
1707 7
1708 8
1709 7
1710 7
1711 7
1712 8
1713 3
1714 5
1715 7
1716 3
1717 3
1718 5
1719 3
1720 3
1721 3
1722 5
1723 7
1724 8
1725 7
1726 7
1727 7
1728 0
1729 3
1730 7
1731 7
1732 3
1733 3
1734 3
1735 3
1736 3
1737 3
1738 7
1739 7
1740 7
1741 7
1742 7
1743 7
1744 3
1745 3
1746 7
1747 7
1748 3
1749 3
1750 3
1751 3
1752 3
1753 3
1754 7
1755 7
1756 7
1757 7
1758 7
1759 7
1760 0
1761 3
1762 5
1763 7
1764 3
1765 3
1766 5
1767 3
1768 3
1769 3
1770 5
1771 7
1772 7
1773 7
1774 7
1775 7
1776 3
1777 3
1778 5
1779 7
1780 3
1781 3
1782 5
1783 3
1784 3
1785 3
1786 5
1787 7
1788 7
1789 7
1790 7
1791 7
1792 0
1793 7
1794 7
1795 7
1796 3
1797 3
1798 5
1799 7
1800 7
1801 7
1802 7
1803 7
1804 7
1805 7
1806 7
1807 7
1808 7
1809 7
1810 7
1811 7
1812 3
1813 3
1814 5
1815 7
1816 7
1817 7
1818 7
1819 7
1820 7
1821 7
1822 7
1823 7
1824 3
1825 7
1826 7
1827 7
1828 3
1829 3
1830 5
1831 7
1832 7
1833 7
1834 7
1835 7
1836 7
1837 7
1838 7
1839 7
1840 7
1841 7
1842 7
1843 7
1844 3
1845 3
1846 5
1847 7
1848 7
1849 7
1850 7
1851 7
1852 7
1853 7
1854 7
1855 7
1856 7
1857 7
1858 7
1859 7
1860 3
1861 3
1862 7
1863 7
1864 7
1865 7
1866 7
1867 7
1868 7
1869 7
1870 7
1871 7
1872 7
1873 7
1874 7
1875 7
1876 3
1877 3
1878 7
1879 7
1880 7
1881 7
1882 7
1883 7
1884 7
1885 7
1886 7
1887 7
1888 7
1889 7
1890 7
1891 7
1892 3
1893 3
1894 5
1895 7
1896 7
1897 7
1898 7
1899 7
1900 7
1901 7
1902 7
1903 7
1904 7
1905 7
1906 7
1907 7
1908 3
1909 3
1910 5
1911 7
1912 7
1913 7
1914 7
1915 7
1916 7
1917 7
1918 7
1919 7
1920 0
1921 3
1922 5
1923 7
1924 3
1925 3
1926 5
1927 3
1928 3
1929 3
1930 5
1931 7
1932 7
1933 7
1934 7
1935 7
1936 3
1937 3
1938 5
1939 7
1940 3
1941 3
1942 5
1943 3
1944 3
1945 3
1946 5
1947 7
1948 7
1949 7
1950 7
1951 7
1952 3
1953 3
1954 5
1955 7
1956 3
1957 3
1958 5
1959 3
1960 3
1961 3
1962 5
1963 7
1964 7
1965 7
1966 7
1967 7
1968 3
1969 3
1970 5
1971 7
1972 3
1973 3
1974 5
1975 3
1976 3
1977 3
1978 5
1979 7
1980 7
1981 7
1982 7
1983 7
1984 3
1985 3
1986 7
1987 7
1988 3
1989 3
1990 3
1991 3
1992 3
1993 3
1994 7
1995 7
1996 7
1997 7
1998 7
1999 7
2000 3
2001 3
2002 7
2003 7
2004 3
2005 3
2006 3
2007 3
2008 3
2009 3
2010 7
2011 7
2012 7
2013 7
2014 7
2015 7
2016 3
2017 3
2018 5
2019 7
2020 3
2021 3
2022 5
2023 3
2024 3
2025 3
2026 5
2027 7
2028 7
2029 7
2030 7
2031 7
2032 3
2033 3
2034 5
2035 7
2036 3
2037 3
2038 5
2039 3
2040 3
2041 3
2042 5
2043 7
2044 7
2045 7
2046 7
2047 7
