#CSC Position Offset LUT
#Structure is comparator code (iCC) -> Stub position offset
#iCC bits: 12
#<header> v1.0 12 32 </header>
0 0
1 0
2 0
3 0
4 0
5 0
6 0
7 0
8 0
9 0
10 0
11 0
12 0
13 0
14 0
15 0
16 0
17 0
18 0
19 0
20 0
21 -0.5
22 -0.666667
23 -0.833333
24 0
25 -0.166667
26 -0.333333
27 -0.5
28 0
29 0.166667
30 -1.5925e-12
31 -0.166667
32 0
33 0
34 0
35 0
36 0
37 -1.85714
38 -1.71429
39 -1.57143
40 0
41 -1.57143
42 -1.42857
43 -1.28571
44 0
45 -1.28571
46 -1.14286
47 -1
48 0
49 -1.07143
50 -0.857143
51 -0.642831
52 -1.33333
53 -1.3
54 -1.2
55 -1.1
56 -1
57 -1.1
58 -1
59 -0.9
60 -0.666667
61 -0.9
62 -0.8
63 -0.7
64 0
65 0
66 0
67 0
68 0
69 -1.28571
70 -1.14286
71 -1
72 0
73 -1
74 -0.857143
75 -0.714286
76 0
77 -0.714286
78 -0.571429
79 -0.428571
80 0
81 -0.642857
82 -0.428571
83 -0.214286
84 -1
85 -0.9
86 -0.8
87 -0.7
88 -0.666667
89 -0.7
90 -0.6
91 -0.5
92 -0.333333
93 -0.5
94 -0.4
95 -0.3
96 0
97 0
98 0
99 0
100 0
101 -0.714286
102 -0.571429
103 -0.428571
104 0
105 -0.428571
106 -0.285714
107 -0.142857
108 0
109 -0.142857
110 7.54063e-13
111 0.142857
112 0
113 -0.214286
114 -1.40332e-13
115 0.214286
116 -0.666667
117 -0.5
118 -0.4
119 -0.3
120 -0.333333
121 -0.3
122 -0.2
123 -0.1
124 -2.0365e-09
125 -0.1
126 -3.53495e-13
127 0.1
128 0
129 0
130 0
131 0
132 0
133 -1.73077
134 -1.46154
135 -1.19231
136 0
137 -1.42308
138 -1.15385
139 -0.884615
140 0
141 -1.11538
142 -0.846154
143 -0.576923
144 0
145 -1
146 -0.666667
147 -0.333333
148 -1.28571
149 -1.28571
150 -1.08571
151 -0.885714
152 -0.857143
153 -1.05714
154 -0.857143
155 -0.657143
156 -0.428571
157 -0.828571
158 -0.628571
159 -0.428571
160 0
161 -1.57692
162 -1.15385
163 -0.730769
164 -2
165 -1.75
166 -1.5
167 -1.25
168 -1.42857
169 -1.5
170 -1.25
171 -1
172 -0.857143
173 -1.25
174 -1
175 -0.75
176 -0.333333
177 -1.17143
178 -0.857143
179 -0.542857
180 -1.4
181 -1.4
182 -1.2
183 -1
184 -1
185 -1.2
186 -1
187 -0.8
188 -0.6
189 -1
190 -0.8
191 -0.6
192 0
193 -1.26923
194 -0.846154
195 -0.423077
196 -1.71429
197 -1.5
198 -1.25
199 -1
200 -1.14286
201 -1.25
202 -1
203 -0.75
204 -0.571429
205 -1
206 -0.75
207 -0.5
208 -2.42117e-12
209 -0.942857
210 -0.628571
211 -0.314286
212 -1.2
213 -1.2
214 -1
215 -0.8
216 -0.8
217 -1
218 -0.8
219 -0.6
220 -0.4
221 -0.8
222 -0.6
223 -0.4
224 0
225 -0.961538
226 -0.538462
227 -0.115385
228 -1.42857
229 -1.25
230 -1
231 -0.75
232 -0.857143
233 -1
234 -0.75
235 -0.5
236 -0.285714
237 -0.75
238 -0.5
239 -0.25
240 0.333333
241 -0.714286
242 -0.4
243 -0.0857143
244 -1
245 -1
246 -0.8
247 -0.6
248 -0.6
249 -0.8
250 -0.6
251 -0.4
252 -0.2
253 -0.6
254 -0.4
255 -0.2
256 0
257 0
258 0
259 0
260 0
261 -1.30769
262 -1.03846
263 -0.769231
264 0
265 -1
266 -0.730769
267 -0.461538
268 0
269 -0.692308
270 -0.423077
271 -0.153846
272 0
273 -0.666667
274 -0.333333
275 2.44352e-10
276 -1.07143
277 -0.971429
278 -0.771429
279 -0.571429
280 -0.642857
281 -0.742857
282 -0.542857
283 -0.342857
284 -0.214286
285 -0.514286
286 -0.314286
287 -0.114286
288 0
289 -1.30769
290 -0.884615
291 -0.461538
292 -1.85714
293 -1.5
294 -1.25
295 -1
296 -1.28571
297 -1.25
298 -1
299 -0.75
300 -0.714286
301 -1
302 -0.75
303 -0.5
304 -0.5
305 -0.971429
306 -0.657143
307 -0.342857
308 -1.3
309 -1.2
310 -1
311 -0.8
312 -0.9
313 -1
314 -0.8
315 -0.6
316 -0.5
317 -0.8
318 -0.6
319 -0.4
320 0
321 -1
322 -0.576923
323 -0.153846
324 -1.57143
325 -1.25
326 -1
327 -0.75
328 -1
329 -1
330 -0.75
331 -0.5
332 -0.428571
333 -0.75
334 -0.5
335 -0.25
336 -0.166667
337 -0.742857
338 -0.428571
339 -0.114286
340 -1.1
341 -1
342 -0.8
343 -0.6
344 -0.7
345 -0.8
346 -0.6
347 -0.4
348 -0.3
349 -0.6
350 -0.4
351 -0.2
352 0
353 -0.692308
354 -0.269231
355 0.153846
356 -1.28571
357 -1
358 -0.75
359 -0.5
360 -0.714286
361 -0.75
362 -0.5
363 -0.25
364 -0.142857
365 -0.5
366 -0.25
367 2.01114e-09
368 0.166667
369 -0.514286
370 -0.2
371 0.114286
372 -0.9
373 -0.8
374 -0.6
375 -0.4
376 -0.5
377 -0.6
378 -0.4
379 -0.2
380 -0.1
381 -0.4
382 -0.2
383 2.28704e-10
384 0
385 0
386 0
387 0
388 0
389 -0.884615
390 -0.615385
391 -0.346154
392 0
393 -0.576923
394 -0.307692
395 -0.0384615
396 0
397 -0.269231
398 4.33431e-13
399 0.269231
400 0
401 -0.333333
402 4.34823e-09
403 0.333333
404 -0.857143
405 -0.657143
406 -0.457143
407 -0.257143
408 -0.428571
409 -0.428571
410 -0.228571
411 -0.0285714
412 -9.54792e-13
413 -0.2
414 -6.39488e-14
415 0.2
416 0
417 -1.03846
418 -0.615385
419 -0.192308
420 -1.71429
421 -1.25
422 -1
423 -0.75
424 -1.14286
425 -1
426 -0.75
427 -0.5
428 -0.571429
429 -0.75
430 -0.5
431 -0.25
432 -0.666667
433 -0.771429
434 -0.457143
435 -0.142857
436 -1.2
437 -1
438 -0.8
439 -0.6
440 -0.8
441 -0.8
442 -0.6
443 -0.4
444 -0.4
445 -0.6
446 -0.4
447 -0.2
448 0
449 -0.730769
450 -0.307692
451 0.115385
452 -1.42857
453 -1
454 -0.75
455 -0.5
456 -0.857143
457 -0.75
458 -0.5
459 -0.25
460 -0.285714
461 -0.5
462 -0.25
463 4.24567e-09
464 -0.333333
465 -0.542857
466 -0.228571
467 0.0857143
468 -1
469 -0.8
470 -0.6
471 -0.4
472 -0.6
473 -0.6
474 -0.4
475 -0.2
476 -0.2
477 -0.4
478 -0.2
479 1.67932e-09
480 0
481 -0.423077
482 -5.25802e-13
483 0.423077
484 -1.14286
485 -0.75
486 -0.5
487 -0.25
488 -0.571429
489 -0.5
490 -0.25
491 1.18484e-10
492 2.17604e-13
493 -0.25
494 1.61573e-09
495 0.25
496 2.63434e-12
497 -0.314286
498 -2.75335e-13
499 0.314286
500 -0.8
501 -0.6
502 -0.4
503 -0.2
504 -0.4
505 -0.4
506 -0.2
507 1.6567e-09
508 -1.62537e-13
509 -0.2
510 -1.2902e-09
511 0.2
512 0
513 0
514 0
515 0
516 0
517 -2
518 -1.66667
519 -1.33333
520 0
521 -1.66667
522 -1.33333
523 -1
524 0
525 -1.33333
526 -1
527 -0.666667
528 0
529 -1.18421
530 -0.789474
531 -0.394737
532 -1.38462
533 -1.5
534 -1.25
535 -1
536 -0.923077
537 -1.25
538 -1
539 -0.75
540 -0.461538
541 -1
542 -0.75
543 -0.5
544 0
545 -1.73684
546 -1.26316
547 -0.789474
548 -2.08333
549 -1.91525
550 -1.62712
551 -1.33898
552 -1.5
553 -1.64407
554 -1.35593
555 -1.0678
556 -0.916667
557 -1.37288
558 -1.08475
559 -0.79661
560 -0.428571
561 -1.26923
562 -0.923077
563 -0.576923
564 -1.42857
565 -1.52703
566 -1.2973
567 -1.06757
568 -1.02857
569 -1.31081
570 -1.08108
571 -0.851351
572 -0.628571
573 -1.09459
574 -0.864865
575 -0.635135
576 0
577 -1.42105
578 -0.947368
579 -0.473684
580 -1.75
581 -1.67797
582 -1.38983
583 -1.10169
584 -1.16667
585 -1.40678
586 -1.11864
587 -0.830508
588 -0.583333
589 -1.13559
590 -0.847458
591 -0.559322
592 -5.99343e-12
593 -1.03846
594 -0.692308
595 -0.346154
596 -1.2
597 -1.33784
598 -1.10811
599 -0.878378
600 -0.8
601 -1.12162
602 -0.891892
603 -0.662162
604 -0.4
605 -0.905405
606 -0.675676
607 -0.445946
608 0
609 -1.10526
610 -0.631579
611 -0.157895
612 -1.41667
613 -1.44068
614 -1.15254
615 -0.864407
616 -0.833333
617 -1.16949
618 -0.881356
619 -0.59322
620 -0.25
621 -0.898305
622 -0.610169
623 -0.322034
624 0.428571
625 -0.807692
626 -0.461538
627 -0.115385
628 -0.971429
629 -1.14865
630 -0.918919
631 -0.689189
632 -0.571429
633 -0.932432
634 -0.702703
635 -0.472973
636 -0.171429
637 -0.716216
638 -0.486486
639 -0.256757
640 0
641 -1.64286
642 -1.09524
643 -0.547619
644 -2.07692
645 -1.85294
646 -1.52941
647 -1.20588
648 -1.38462
649 -1.55882
650 -1.23529
651 -0.911765
652 -0.692308
653 -1.26471
654 -0.941176
655 -0.617647
656 -3.55271e-15
657 -1.16949
658 -0.779661
659 -0.38983
660 -1.35
661 -1.46512
662 -1.2093
663 -0.953488
664 -0.9
665 -1.23256
666 -0.976744
667 -0.72093
668 -0.45
669 -1
670 -0.744186
671 -0.488372
672 -1.33333
673 -1.64286
674 -1.17857
675 -0.714286
676 -2
677 -1.82558
678 -1.53488
679 -1.24419
680 -1.42857
681 -1.56977
682 -1.27907
683 -0.988372
684 -0.857143
685 -1.31395
686 -1.02326
687 -0.732558
688 -0.4
689 -1.24324
690 -0.891892
691 -0.540541
692 -1.4
693 -1.49524
694 -1.25714
695 -1.01905
696 -1
697 -1.28571
698 -1.04762
699 -0.809524
700 -0.6
701 -1.07619
702 -0.838095
703 -0.6
704 -1.07558e-12
705 -1.39286
706 -0.928571
707 -0.464286
708 -1.71429
709 -1.63953
710 -1.34884
711 -1.05814
712 -1.14286
713 -1.38372
714 -1.09302
715 -0.802326
716 -0.571429
717 -1.12791
718 -0.837209
719 -0.546512
720 -4.17444e-14
721 -1.05405
722 -0.702703
723 -0.351351
724 -1.2
725 -1.34286
726 -1.10476
727 -0.866667
728 -0.8
729 -1.13333
730 -0.895238
731 -0.657143
732 -0.4
733 -0.92381
734 -0.685714
735 -0.447619
736 1.33333
737 -1.14286
738 -0.678571
739 -0.214286
740 -1.42857
741 -1.45349
742 -1.16279
743 -0.872093
744 -0.857143
745 -1.19767
746 -0.906977
747 -0.616279
748 -0.285714
749 -0.94186
750 -0.651163
751 -0.360465
752 0.4
753 -0.864865
754 -0.513514
755 -0.162162
756 -1
757 -1.19048
758 -0.952381
759 -0.714286
760 -0.6
761 -0.980952
762 -0.742857
763 -0.504762
764 -0.2
765 -0.771429
766 -0.533333
767 -0.295238
768 0
769 -1.38095
770 -0.833333
771 -0.285714
772 -1.84615
773 -1.64706
774 -1.32353
775 -1
776 -1.15385
777 -1.35294
778 -1.02941
779 -0.705882
780 -0.461538
781 -1.05882
782 -0.735294
783 -0.411765
784 0.214286
785 -0.983051
786 -0.59322
787 -0.20339
788 -1.2
789 -1.30233
790 -1.04651
791 -0.790698
792 -0.75
793 -1.06977
794 -0.813953
795 -0.55814
796 -0.3
797 -0.837209
798 -0.581395
799 -0.325581
800 -1
801 -1.46429
802 -1
803 -0.535714
804 -1.85714
805 -1.67442
806 -1.38372
807 -1.09302
808 -1.28571
809 -1.4186
810 -1.12791
811 -0.837209
812 -0.714286
813 -1.16279
814 -0.872093
815 -0.581395
816 -0.3
817 -1.10811
818 -0.756757
819 -0.405405
820 -1.3
821 -1.37143
822 -1.13333
823 -0.895238
824 -0.9
825 -1.1619
826 -0.92381
827 -0.685714
828 -0.5
829 -0.952381
830 -0.714286
831 -0.47619
832 0.333333
833 -1.21429
834 -0.75
835 -0.285714
836 -1.57143
837 -1.48837
838 -1.19767
839 -0.906977
840 -1
841 -1.23256
842 -0.94186
843 -0.651163
844 -0.428571
845 -0.976744
846 -0.686047
847 -0.395349
848 0.1
849 -0.918919
850 -0.567568
851 -0.216216
852 -1.1
853 -1.21905
854 -0.980952
855 -0.742857
856 -0.7
857 -1.00952
858 -0.771429
859 -0.533333
860 -0.3
861 -0.8
862 -0.561905
863 -0.32381
864 1.66667
865 -0.964286
866 -0.5
867 -0.0357143
868 -1.28571
869 -1.30233
870 -1.01163
871 -0.72093
872 -0.714286
873 -1.04651
874 -0.755814
875 -0.465116
876 -0.142857
877 -0.790698
878 -0.5
879 -0.209302
880 0.5
881 -0.72973
882 -0.378378
883 -0.027027
884 -0.9
885 -1.06667
886 -0.828571
887 -0.590476
888 -0.5
889 -0.857143
890 -0.619048
891 -0.380952
892 -0.1
893 -0.647619
894 -0.409524
895 -0.171429
896 0
897 -1.11905
898 -0.571429
899 -0.0238095
900 -1.61538
901 -1.44118
902 -1.11765
903 -0.794118
904 -0.923077
905 -1.14706
906 -0.823529
907 -0.5
908 -0.230769
909 -0.852941
910 -0.529412
911 -0.205882
912 0.428571
913 -0.79661
914 -0.40678
915 -0.0169492
916 -1.05
917 -1.13953
918 -0.883721
919 -0.627907
920 -0.6
921 -0.906977
922 -0.651163
923 -0.395349
924 -0.15
925 -0.674419
926 -0.418605
927 -0.162791
928 -0.666667
929 -1.28571
930 -0.821429
931 -0.357143
932 -1.71429
933 -1.52326
934 -1.23256
935 -0.94186
936 -1.14286
937 -1.26744
938 -0.976744
939 -0.686047
940 -0.571429
941 -1.01163
942 -0.72093
943 -0.430233
944 -0.2
945 -0.972973
946 -0.621622
947 -0.27027
948 -1.2
949 -1.24762
950 -1.00952
951 -0.771429
952 -0.8
953 -1.0381
954 -0.8
955 -0.561905
956 -0.4
957 -0.828571
958 -0.590476
959 -0.352381
960 0.666667
961 -1.03571
962 -0.571429
963 -0.107143
964 -1.42857
965 -1.33721
966 -1.04651
967 -0.755814
968 -0.857143
969 -1.0814
970 -0.790698
971 -0.5
972 -0.285714
973 -0.825581
974 -0.534884
975 -0.244186
976 0.2
977 -0.783784
978 -0.432432
979 -0.0810811
980 -1
981 -1.09524
982 -0.857143
983 -0.619048
984 -0.6
985 -0.885714
986 -0.647619
987 -0.409524
988 -0.2
989 -0.67619
990 -0.438095
991 -0.2
992 2
993 -0.785714
994 -0.321429
995 0.142857
996 -1.14286
997 -1.15116
998 -0.860465
999 -0.569767
1000 -0.571429
1001 -0.895349
1002 -0.604651
1003 -0.313953
1004 -4.08562e-14
1005 -0.639535
1006 -0.348837
1007 -0.0581395
1008 0.6
1009 -0.594595
1010 -0.243243
1011 0.108108
1012 -0.8
1013 -0.942857
1014 -0.704762
1015 -0.466667
1016 -0.4
1017 -0.733333
1018 -0.495238
1019 -0.257143
1020 1.98419e-12
1021 -0.52381
1022 -0.285714
1023 -0.047619
1024 0
1025 0
1026 0
1027 0
1028 0
1029 -1.66667
1030 -1.33333
1031 -1
1032 0
1033 -1.33333
1034 -1
1035 -0.666667
1036 0
1037 -1
1038 -0.666667
1039 -0.333333
1040 0
1041 -0.921053
1042 -0.526316
1043 -0.131579
1044 -1.23077
1045 -1.25
1046 -1
1047 -0.75
1048 -0.769231
1049 -1
1050 -0.75
1051 -0.5
1052 -0.307692
1053 -0.75
1054 -0.5
1055 -0.25
1056 0
1057 -1.52632
1058 -1.05263
1059 -0.578947
1060 -2
1061 -1.71186
1062 -1.42373
1063 -1.13559
1064 -1.41667
1065 -1.44068
1066 -1.15254
1067 -0.864407
1068 -0.833333
1069 -1.16949
1070 -0.881356
1071 -0.59322
1072 -0.571429
1073 -1.11538
1074 -0.769231
1075 -0.423077
1076 -1.37143
1077 -1.36486
1078 -1.13514
1079 -0.905405
1080 -0.971429
1081 -1.14865
1082 -0.918919
1083 -0.689189
1084 -0.571429
1085 -0.932432
1086 -0.702703
1087 -0.472973
1088 0
1089 -1.21053
1090 -0.736842
1091 -0.263158
1092 -1.66667
1093 -1.47458
1094 -1.18644
1095 -0.898305
1096 -1.08333
1097 -1.20339
1098 -0.915254
1099 -0.627119
1100 -0.5
1101 -0.932203
1102 -0.644068
1103 -0.355932
1104 -0.142857
1105 -0.884615
1106 -0.538462
1107 -0.192308
1108 -1.14286
1109 -1.17568
1110 -0.945946
1111 -0.716216
1112 -0.742857
1113 -0.959459
1114 -0.72973
1115 -0.5
1116 -0.342857
1117 -0.743243
1118 -0.513514
1119 -0.283784
1120 0
1121 -0.894737
1122 -0.421053
1123 0.0526316
1124 -1.33333
1125 -1.23729
1126 -0.949153
1127 -0.661017
1128 -0.75
1129 -0.966102
1130 -0.677966
1131 -0.38983
1132 -0.166667
1133 -0.694915
1134 -0.40678
1135 -0.118644
1136 0.285714
1137 -0.653846
1138 -0.307692
1139 0.0384615
1140 -0.914286
1141 -0.986486
1142 -0.756757
1143 -0.527027
1144 -0.514286
1145 -0.77027
1146 -0.540541
1147 -0.310811
1148 -0.114286
1149 -0.554054
1150 -0.324324
1151 -0.0945946
1152 0
1153 -1.45238
1154 -0.904762
1155 -0.357143
1156 -2
1157 -1.67647
1158 -1.35294
1159 -1.02941
1160 -1.30769
1161 -1.38235
1162 -1.05882
1163 -0.735294
1164 -0.615385
1165 -1.08824
1166 -0.764706
1167 -0.441176
1168 -0.142857
1169 -1.0339
1170 -0.644068
1171 -0.254237
1172 -1.3
1173 -1.32558
1174 -1.06977
1175 -0.813953
1176 -0.85
1177 -1.09302
1178 -0.837209
1179 -0.581395
1180 -0.4
1181 -0.860465
1182 -0.604651
1183 -0.348837
1184 -2
1185 -1.53571
1186 -1.07143
1187 -0.607143
1188 -2
1189 -1.7093
1190 -1.4186
1191 -1.12791
1192 -1.42857
1193 -1.45349
1194 -1.16279
1195 -0.872093
1196 -0.857143
1197 -1.19767
1198 -0.906977
1199 -0.616279
1200 -0.6
1201 -1.16216
1202 -0.810811
1203 -0.459459
1204 -1.4
1205 -1.4
1206 -1.1619
1207 -0.92381
1208 -1
1209 -1.19048
1210 -0.952381
1211 -0.714286
1212 -0.6
1213 -0.980952
1214 -0.742857
1215 -0.504762
1216 -0.666667
1217 -1.28571
1218 -0.821429
1219 -0.357143
1220 -1.71429
1221 -1.52326
1222 -1.23256
1223 -0.94186
1224 -1.14286
1225 -1.26744
1226 -0.976744
1227 -0.686047
1228 -0.571429
1229 -1.01163
1230 -0.72093
1231 -0.430233
1232 -0.2
1233 -0.972973
1234 -0.621622
1235 -0.27027
1236 -1.2
1237 -1.24762
1238 -1.00952
1239 -0.771429
1240 -0.8
1241 -1.0381
1242 -0.8
1243 -0.561905
1244 -0.4
1245 -0.828571
1246 -0.590476
1247 -0.352381
1248 0.666667
1249 -1.03571
1250 -0.571429
1251 -0.107143
1252 -1.42857
1253 -1.33721
1254 -1.04651
1255 -0.755814
1256 -0.857143
1257 -1.0814
1258 -0.790698
1259 -0.5
1260 -0.285714
1261 -0.825581
1262 -0.534884
1263 -0.244186
1264 0.2
1265 -0.783784
1266 -0.432432
1267 -0.0810811
1268 -1
1269 -1.09524
1270 -0.857143
1271 -0.619048
1272 -0.6
1273 -0.885714
1274 -0.647619
1275 -0.409524
1276 -0.2
1277 -0.67619
1278 -0.438095
1279 -0.2
1280 0
1281 -1.19048
1282 -0.642857
1283 -0.0952381
1284 -1.76923
1285 -1.47059
1286 -1.14706
1287 -0.823529
1288 -1.07692
1289 -1.17647
1290 -0.852941
1291 -0.529412
1292 -0.384615
1293 -0.882353
1294 -0.558824
1295 -0.235294
1296 0.0714286
1297 -0.847458
1298 -0.457627
1299 -0.0677966
1300 -1.15
1301 -1.16279
1302 -0.906977
1303 -0.651163
1304 -0.7
1305 -0.930233
1306 -0.674419
1307 -0.418605
1308 -0.25
1309 -0.697674
1310 -0.44186
1311 -0.186047
1312 -1.66667
1313 -1.35714
1314 -0.892857
1315 -0.428571
1316 -1.85714
1317 -1.55814
1318 -1.26744
1319 -0.976744
1320 -1.28571
1321 -1.30233
1322 -1.01163
1323 -0.72093
1324 -0.714286
1325 -1.04651
1326 -0.755814
1327 -0.465116
1328 -0.5
1329 -1.02703
1330 -0.675676
1331 -0.324324
1332 -1.3
1333 -1.27619
1334 -1.0381
1335 -0.8
1336 -0.9
1337 -1.06667
1338 -0.828571
1339 -0.590476
1340 -0.5
1341 -0.857143
1342 -0.619048
1343 -0.380952
1344 -0.333333
1345 -1.10714
1346 -0.642857
1347 -0.178571
1348 -1.57143
1349 -1.37209
1350 -1.0814
1351 -0.790698
1352 -1
1353 -1.11628
1354 -0.825581
1355 -0.534884
1356 -0.428571
1357 -0.860465
1358 -0.569767
1359 -0.27907
1360 -0.1
1361 -0.837838
1362 -0.486486
1363 -0.135135
1364 -1.1
1365 -1.12381
1366 -0.885714
1367 -0.647619
1368 -0.7
1369 -0.914286
1370 -0.67619
1371 -0.438095
1372 -0.3
1373 -0.704762
1374 -0.466667
1375 -0.228571
1376 1
1377 -0.857143
1378 -0.392857
1379 0.0714286
1380 -1.28571
1381 -1.18605
1382 -0.895349
1383 -0.604651
1384 -0.714286
1385 -0.930233
1386 -0.639535
1387 -0.348837
1388 -0.142857
1389 -0.674419
1390 -0.383721
1391 -0.0930233
1392 0.3
1393 -0.648649
1394 -0.297297
1395 0.0540541
1396 -0.9
1397 -0.971429
1398 -0.733333
1399 -0.495238
1400 -0.5
1401 -0.761905
1402 -0.52381
1403 -0.285714
1404 -0.1
1405 -0.552381
1406 -0.314286
1407 -0.0761905
1408 0
1409 -0.928571
1410 -0.380952
1411 0.166667
1412 -1.53846
1413 -1.26471
1414 -0.941176
1415 -0.617647
1416 -0.846154
1417 -0.970588
1418 -0.647059
1419 -0.323529
1420 -0.153846
1421 -0.676471
1422 -0.352941
1423 -0.0294118
1424 0.285714
1425 -0.661017
1426 -0.271186
1427 0.118644
1428 -1
1429 -1
1430 -0.744186
1431 -0.488372
1432 -0.55
1433 -0.767442
1434 -0.511628
1435 -0.255814
1436 -0.1
1437 -0.534884
1438 -0.27907
1439 -0.0232558
1440 -1.33333
1441 -1.17857
1442 -0.714286
1443 -0.25
1444 -1.71429
1445 -1.40698
1446 -1.11628
1447 -0.825581
1448 -1.14286
1449 -1.15116
1450 -0.860465
1451 -0.569767
1452 -0.571429
1453 -0.895349
1454 -0.604651
1455 -0.313953
1456 -0.4
1457 -0.891892
1458 -0.540541
1459 -0.189189
1460 -1.2
1461 -1.15238
1462 -0.914286
1463 -0.67619
1464 -0.8
1465 -0.942857
1466 -0.704762
1467 -0.466667
1468 -0.4
1469 -0.733333
1470 -0.495238
1471 -0.257143
1472 1.96021e-12
1473 -0.928571
1474 -0.464286
1475 -1.50191e-12
1476 -1.42857
1477 -1.22093
1478 -0.930233
1479 -0.639535
1480 -0.857143
1481 -0.965116
1482 -0.674419
1483 -0.383721
1484 -0.285714
1485 -0.709302
1486 -0.418605
1487 -0.127907
1488 9.30811e-13
1489 -0.702703
1490 -0.351351
1491 8.6775e-13
1492 -1
1493 -1
1494 -0.761905
1495 -0.52381
1496 -0.6
1497 -0.790476
1498 -0.552381
1499 -0.314286
1500 -0.2
1501 -0.580952
1502 -0.342857
1503 -0.104762
1504 1.33333
1505 -0.678571
1506 -0.214286
1507 0.25
1508 -1.14286
1509 -1.03488
1510 -0.744186
1511 -0.453488
1512 -0.571429
1513 -0.77907
1514 -0.488372
1515 -0.197674
1516 -1.05782e-11
1517 -0.523256
1518 -0.232558
1519 0.0581395
1520 0.4
1521 -0.513514
1522 -0.162162
1523 0.189189
1524 -0.8
1525 -0.847619
1526 -0.609524
1527 -0.371429
1528 -0.4
1529 -0.638095
1530 -0.4
1531 -0.161905
1532 9.5568e-13
1533 -0.428571
1534 -0.190476
1535 0.047619
1536 0
1537 0
1538 0
1539 0
1540 0
1541 -1.33333
1542 -1
1543 -0.666667
1544 0
1545 -1
1546 -0.666667
1547 -0.333333
1548 0
1549 -0.666667
1550 -0.333333
1551 1.42759e-09
1552 0
1553 -0.657895
1554 -0.263158
1555 0.131579
1556 -1.07692
1557 -1
1558 -0.75
1559 -0.5
1560 -0.615385
1561 -0.75
1562 -0.5
1563 -0.25
1564 -0.153846
1565 -0.5
1566 -0.25
1567 1.18072e-10
1568 0
1569 -1.31579
1570 -0.842105
1571 -0.368421
1572 -1.91667
1573 -1.50847
1574 -1.22034
1575 -0.932203
1576 -1.33333
1577 -1.23729
1578 -0.949153
1579 -0.661017
1580 -0.75
1581 -0.966102
1582 -0.677966
1583 -0.38983
1584 -0.714286
1585 -0.961538
1586 -0.615385
1587 -0.269231
1588 -1.31429
1589 -1.2027
1590 -0.972973
1591 -0.743243
1592 -0.914286
1593 -0.986486
1594 -0.756757
1595 -0.527027
1596 -0.514286
1597 -0.77027
1598 -0.540541
1599 -0.310811
1600 0
1601 -1
1602 -0.526316
1603 -0.0526316
1604 -1.58333
1605 -1.27119
1606 -0.983051
1607 -0.694915
1608 -1
1609 -1
1610 -0.711864
1611 -0.423729
1612 -0.416667
1613 -0.728814
1614 -0.440678
1615 -0.152542
1616 -0.285714
1617 -0.730769
1618 -0.384615
1619 -0.0384615
1620 -1.08571
1621 -1.01351
1622 -0.783784
1623 -0.554054
1624 -0.685714
1625 -0.797297
1626 -0.567568
1627 -0.337838
1628 -0.285714
1629 -0.581081
1630 -0.351351
1631 -0.121622
1632 0
1633 -0.684211
1634 -0.210526
1635 0.263158
1636 -1.25
1637 -1.0339
1638 -0.745763
1639 -0.457627
1640 -0.666667
1641 -0.762712
1642 -0.474576
1643 -0.186441
1644 -0.0833333
1645 -0.491525
1646 -0.20339
1647 0.0847458
1648 0.142857
1649 -0.5
1650 -0.153846
1651 0.192308
1652 -0.857143
1653 -0.824324
1654 -0.594595
1655 -0.364865
1656 -0.457143
1657 -0.608108
1658 -0.378378
1659 -0.148649
1660 -0.0571429
1661 -0.391892
1662 -0.162162
1663 0.0675676
1664 0
1665 -1.2619
1666 -0.714286
1667 -0.166667
1668 -1.92308
1669 -1.5
1670 -1.17647
1671 -0.852941
1672 -1.23077
1673 -1.20588
1674 -0.882353
1675 -0.558824
1676 -0.538462
1677 -0.911765
1678 -0.588235
1679 -0.264706
1680 -0.285714
1681 -0.898305
1682 -0.508475
1683 -0.118644
1684 -1.25
1685 -1.18605
1686 -0.930233
1687 -0.674419
1688 -0.8
1689 -0.953488
1690 -0.697674
1691 -0.44186
1692 -0.35
1693 -0.72093
1694 -0.465116
1695 -0.209302
1696 -2.66667
1697 -1.42857
1698 -0.964286
1699 -0.5
1700 -2
1701 -1.59302
1702 -1.30233
1703 -1.01163
1704 -1.42857
1705 -1.33721
1706 -1.04651
1707 -0.755814
1708 -0.857143
1709 -1.0814
1710 -0.790698
1711 -0.5
1712 -0.8
1713 -1.08108
1714 -0.72973
1715 -0.378378
1716 -1.4
1717 -1.30476
1718 -1.06667
1719 -0.828571
1720 -1
1721 -1.09524
1722 -0.857143
1723 -0.619048
1724 -0.6
1725 -0.885714
1726 -0.647619
1727 -0.409524
1728 -1.33333
1729 -1.17857
1730 -0.714286
1731 -0.25
1732 -1.71429
1733 -1.40698
1734 -1.11628
1735 -0.825581
1736 -1.14286
1737 -1.15116
1738 -0.860465
1739 -0.569767
1740 -0.571429
1741 -0.895349
1742 -0.604651
1743 -0.313953
1744 -0.4
1745 -0.891892
1746 -0.540541
1747 -0.189189
1748 -1.2
1749 -1.15238
1750 -0.914286
1751 -0.67619
1752 -0.8
1753 -0.942857
1754 -0.704762
1755 -0.466667
1756 -0.4
1757 -0.733333
1758 -0.495238
1759 -0.257143
1760 1.71241e-12
1761 -0.928571
1762 -0.464286
1763 3.21521e-13
1764 -1.42857
1765 -1.22093
1766 -0.930233
1767 -0.639535
1768 -0.857143
1769 -0.965116
1770 -0.674419
1771 -0.383721
1772 -0.285714
1773 -0.709302
1774 -0.418605
1775 -0.127907
1776 8.41993e-13
1777 -0.702703
1778 -0.351351
1779 1.15996e-12
1780 -1
1781 -1
1782 -0.761905
1783 -0.52381
1784 -0.6
1785 -0.790476
1786 -0.552381
1787 -0.314286
1788 -0.2
1789 -0.580952
1790 -0.342857
1791 -0.104762
1792 0
1793 -1
1794 -0.452381
1795 0.0952381
1796 -1.69231
1797 -1.29412
1798 -0.970588
1799 -0.647059
1800 -1
1801 -1
1802 -0.676471
1803 -0.352941
1804 -0.307692
1805 -0.705882
1806 -0.382353
1807 -0.0588235
1808 -0.0714286
1809 -0.711864
1810 -0.322034
1811 0.0677966
1812 -1.1
1813 -1.02326
1814 -0.767442
1815 -0.511628
1816 -0.65
1817 -0.790698
1818 -0.534884
1819 -0.27907
1820 -0.2
1821 -0.55814
1822 -0.302326
1823 -0.0465116
1824 -2.33333
1825 -1.25
1826 -0.785714
1827 -0.321429
1828 -1.85714
1829 -1.44186
1830 -1.15116
1831 -0.860465
1832 -1.28571
1833 -1.18605
1834 -0.895349
1835 -0.604651
1836 -0.714286
1837 -0.930233
1838 -0.639535
1839 -0.348837
1840 -0.7
1841 -0.945946
1842 -0.594595
1843 -0.243243
1844 -1.3
1845 -1.18095
1846 -0.942857
1847 -0.704762
1848 -0.9
1849 -0.971429
1850 -0.733333
1851 -0.495238
1852 -0.5
1853 -0.761905
1854 -0.52381
1855 -0.285714
1856 -1
1857 -1
1858 -0.535714
1859 -0.0714286
1860 -1.57143
1861 -1.25581
1862 -0.965116
1863 -0.674419
1864 -1
1865 -1
1866 -0.709302
1867 -0.418605
1868 -0.428571
1869 -0.744186
1870 -0.453488
1871 -0.162791
1872 -0.3
1873 -0.756757
1874 -0.405405
1875 -0.0540541
1876 -1.1
1877 -1.02857
1878 -0.790476
1879 -0.552381
1880 -0.7
1881 -0.819048
1882 -0.580952
1883 -0.342857
1884 -0.3
1885 -0.609524
1886 -0.371429
1887 -0.133333
1888 0.333333
1889 -0.75
1890 -0.285714
1891 0.178571
1892 -1.28571
1893 -1.06977
1894 -0.77907
1895 -0.488372
1896 -0.714286
1897 -0.813953
1898 -0.523256
1899 -0.232558
1900 -0.142857
1901 -0.55814
1902 -0.267442
1903 0.0232558
1904 0.1
1905 -0.567568
1906 -0.216216
1907 0.135135
1908 -0.9
1909 -0.87619
1910 -0.638095
1911 -0.4
1912 -0.5
1913 -0.666667
1914 -0.428571
1915 -0.190476
1916 -0.1
1917 -0.457143
1918 -0.219048
1919 0.0190476
1920 0
1921 -0.738095
1922 -0.190476
1923 0.357143
1924 -1.46154
1925 -1.08824
1926 -0.764706
1927 -0.441176
1928 -0.769231
1929 -0.794118
1930 -0.470588
1931 -0.147059
1932 -0.0769231
1933 -0.5
1934 -0.176471
1935 0.147059
1936 0.142857
1937 -0.525424
1938 -0.135593
1939 0.254237
1940 -0.95
1941 -0.860465
1942 -0.604651
1943 -0.348837
1944 -0.5
1945 -0.627907
1946 -0.372093
1947 -0.116279
1948 -0.05
1949 -0.395349
1950 -0.139535
1951 0.116279
1952 -2
1953 -1.07143
1954 -0.607143
1955 -0.142857
1956 -1.71429
1957 -1.2907
1958 -1
1959 -0.709302
1960 -1.14286
1961 -1.03488
1962 -0.744186
1963 -0.453488
1964 -0.571429
1965 -0.77907
1966 -0.488372
1967 -0.197674
1968 -0.6
1969 -0.810811
1970 -0.459459
1971 -0.108108
1972 -1.2
1973 -1.05714
1974 -0.819048
1975 -0.580952
1976 -0.8
1977 -0.847619
1978 -0.609524
1979 -0.371429
1980 -0.4
1981 -0.638095
1982 -0.4
1983 -0.161905
1984 -0.666667
1985 -0.821429
1986 -0.357143
1987 0.107143
1988 -1.42857
1989 -1.10465
1990 -0.813953
1991 -0.523256
1992 -0.857143
1993 -0.848837
1994 -0.55814
1995 -0.267442
1996 -0.285714
1997 -0.593023
1998 -0.302326
1999 -0.0116279
2000 -0.2
2001 -0.621622
2002 -0.27027
2003 0.0810811
2004 -1
2005 -0.904762
2006 -0.666667
2007 -0.428571
2008 -0.6
2009 -0.695238
2010 -0.457143
2011 -0.219048
2012 -0.2
2013 -0.485714
2014 -0.247619
2015 -0.00952381
2016 0.666667
2017 -0.571429
2018 -0.107143
2019 0.357143
2020 -1.14286
2021 -0.918605
2022 -0.627907
2023 -0.337209
2024 -0.571429
2025 -0.662791
2026 -0.372093
2027 -0.0813954
2028 -6.64357e-13
2029 -0.406977
2030 -0.116279
2031 0.174419
2032 0.2
2033 -0.432432
2034 -0.0810811
2035 0.27027
2036 -0.8
2037 -0.752381
2038 -0.514286
2039 -0.27619
2040 -0.4
2041 -0.542857
2042 -0.304762
2043 -0.0666667
2044 -6.19949e-13
2045 -0.333333
2046 -0.0952381
2047 0.142857
