#CSC Slope LUT
#Structure is comparator code (iCC) -> Stub slope
#iCC bits: 12
#<header> v1.0 12 32 </header>
0 0
1 0
2 0
3 0
4 0
5 0
6 0
7 0
8 0
9 0
10 0
11 0
12 0
13 0
14 0
15 0
16 0
17 0
18 0
19 0
20 0
21 0.5
22 -1.02585e-12
23 -0.5
24 0
25 0.5
26 -1.60894e-12
27 -0.5
28 0
29 0.5
30 -6.3376e-12
31 -0.5
32 0
33 0
34 0
35 0
36 0
37 7.08211e-13
38 -0.285714
39 -0.571429
40 0
41 -0.0714286
42 -0.357143
43 -0.642857
44 0
45 -0.142857
46 -0.428571
47 -0.714286
48 0
49 0.0714286
50 -0.285714
51 -0.642857
52 0
53 0.1
54 -0.2
55 -0.5
56 -0.5
57 -1.19238e-13
58 -0.3
59 -0.6
60 -1
61 -0.1
62 -0.4
63 -0.7
64 0
65 0
66 0
67 0
68 0
69 0.357143
70 0.0714286
71 -0.214286
72 0
73 0.285714
74 3.08864e-13
75 -0.285714
76 0
77 0.214286
78 -0.0714286
79 -0.357143
80 0
81 0.357143
82 1.60094e-13
83 -0.357143
84 0.5
85 0.4
86 0.1
87 -0.2
88 -3.95833e-13
89 0.3
90 2.01617e-13
91 -0.3
92 -0.5
93 0.2
94 -0.1
95 -0.4
96 0
97 0
98 0
99 0
100 0
101 0.714286
102 0.428571
103 0.142857
104 0
105 0.642857
106 0.357143
107 0.0714286
108 0
109 0.571429
110 0.285714
111 1.24789e-13
112 0
113 0.642857
114 0.285714
115 -0.0714286
116 1
117 0.7
118 0.4
119 0.1
120 0.5
121 0.6
122 0.3
123 -6.55032e-14
124 0
125 0.5
126 0.2
127 -0.1
128 0
129 0
130 0
131 0
132 0
133 2.29261e-14
134 -0.192308
135 -0.384615
136 0
137 -0.0769231
138 -0.269231
139 -0.461538
140 0
141 -0.153846
142 -0.346154
143 -0.538462
144 0
145 0
146 -0.25
147 -0.5
148 -0.0714286
149 0.0285714
150 -0.171429
151 -0.371429
152 -0.357143
153 -0.0571429
154 -0.257143
155 -0.457143
156 -0.642857
157 -0.142857
158 -0.342857
159 -0.542857
160 0
161 -2.29261e-14
162 -0.269227
163 -0.538462
164 6.09179e-13
165 0
166 -0.2
167 -0.4
168 -0.357143
169 -0.1
170 -0.3
171 -0.5
172 -0.714286
173 -0.2
174 -0.4
175 -0.6
176 -0.5
177 -0.0285714
178 -0.285713
179 -0.542857
180 -0.1
181 0
182 -0.2
183 -0.4
184 -0.4
185 -0.1
186 -0.3
187 -0.5
188 -0.7
189 -0.2
190 -0.4
191 -0.6
192 0
193 0.0769231
194 -0.192308
195 -0.461538
196 0.0714286
197 0.1
198 -0.1
199 -0.3
200 -0.285714
201 0
202 -0.2
203 -0.4
204 -0.642857
205 -0.1
206 -0.3
207 -0.5
208 -0.5
209 0.0571429
210 -0.199995
211 -0.457143
212 -2.7045e-13
213 0.1
214 -0.1
215 -0.3
216 -0.3
217 0
218 -0.2
219 -0.4
220 -0.6
221 -0.1
222 -0.3
223 -0.5
224 0
225 0.153846
226 -0.115385
227 -0.384614
228 0.142857
229 0.2
230 0
231 -0.2
232 -0.214286
233 0.1
234 -0.1
235 -0.3
236 -0.571429
237 -3.00703e-13
238 -0.2
239 -0.4
240 -0.5
241 0.142857
242 -0.114286
243 -0.371428
244 0.1
245 0.2
246 -2.82315e-13
247 -0.2
248 -0.2
249 0.1
250 -0.1
251 -0.3
252 -0.5
253 -2.70018e-13
254 -0.2
255 -0.4
256 0
257 0
258 0
259 0
260 0
261 0.269227
262 0.0769231
263 -0.115385
264 0
265 0.192308
266 7.82707e-14
267 -0.192308
268 0
269 0.115385
270 -0.0769231
271 -0.269231
272 0
273 0.25
274 0
275 -0.25
276 0.285714
277 0.285713
278 0.0857143
279 -0.114286
280 3.4861e-14
281 0.199995
282 -5.02931e-14
283 -0.2
284 -0.285714
285 0.114286
286 -0.0857143
287 -0.285714
288 0
289 0.192308
290 -0.0769231
291 -0.346152
292 0.285714
293 0.2
294 0
295 -0.2
296 -0.0714286
297 0.1
298 -0.1
299 -0.3
300 -0.428571
301 0
302 -0.2
303 -0.4
304 4.25704e-12
305 0.171429
306 -0.0857143
307 -0.342856
308 0.2
309 0.2
310 0
311 -0.2
312 -0.1
313 0.1
314 -0.1
315 -0.3
316 -0.4
317 0
318 -0.2
319 -0.4
320 0
321 0.269231
322 -2.76335e-13
323 -0.269231
324 0.357143
325 0.3
326 0.1
327 -0.1
328 1.75415e-13
329 0.2
330 0
331 -0.2
332 -0.357143
333 0.1
334 -0.1
335 -0.3
336 1.78479e-12
337 0.257143
338 -6.21725e-15
339 -0.257139
340 0.3
341 0.3
342 0.1
343 -0.1
344 -2.01172e-13
345 0.2
346 2.74302e-13
347 -0.2
348 -0.3
349 0.1
350 -0.1
351 -0.3
352 0
353 0.346154
354 0.0769231
355 -0.192308
356 0.428571
357 0.4
358 0.2
359 -2.88489e-13
360 0.0714286
361 0.3
362 0.1
363 -0.1
364 -0.285714
365 0.2
366 -2.77652e-13
367 -0.2
368 4.5457e-12
369 0.342857
370 0.0857143
371 -0.171429
372 0.4
373 0.4
374 0.2
375 2.61071e-13
376 0.1
377 0.3
378 0.1
379 -0.1
380 -0.2
381 0.2
382 -2.52957e-13
383 -0.2
384 0
385 0
386 0
387 0
388 0
389 0.538462
390 0.346152
391 0.153846
392 0
393 0.461538
394 0.269231
395 0.0769231
396 0
397 0.384614
398 0.192308
399 -4.81837e-13
400 0
401 0.5
402 0.25
403 0
404 0.642857
405 0.542857
406 0.342856
407 0.142857
408 0.357143
409 0.457143
410 0.257139
411 0.0571429
412 0.0714286
413 0.371428
414 0.171429
415 -0.0285714
416 0
417 0.384615
418 0.115385
419 -0.153846
420 0.571429
421 0.4
422 0.2
423 0
424 0.214286
425 0.3
426 0.1
427 -0.1
428 -0.142857
429 0.2
430 -2.88489e-13
431 -0.2
432 0.5
433 0.371429
434 0.114286
435 -0.142857
436 0.5
437 0.4
438 0.2
439 -2.70018e-13
440 0.2
441 0.3
442 0.1
443 -0.1
444 -0.1
445 0.2
446 0
447 -0.2
448 0
449 0.461538
450 0.192308
451 -0.0769231
452 0.642857
453 0.5
454 0.3
455 0.1
456 0.285714
457 0.4
458 0.2
459 0
460 -0.0714286
461 0.3
462 0.1
463 -0.1
464 0.5
465 0.457143
466 0.2
467 -0.0571429
468 0.6
469 0.5
470 0.3
471 0.1
472 0.3
473 0.4
474 0.2
475 -2.52957e-13
476 4.4742e-13
477 0.3
478 0.1
479 -0.1
480 0
481 0.538462
482 0.269231
483 1.16129e-13
484 0.714286
485 0.6
486 0.4
487 0.2
488 0.357143
489 0.5
490 0.3
491 0.1
492 8.30447e-14
493 0.4
494 0.2
495 -2.55577e-13
496 0.5
497 0.542857
498 0.285714
499 0.0285714
500 0.7
501 0.6
502 0.4
503 0.2
504 0.4
505 0.5
506 0.3
507 0.1
508 0.1
509 0.4
510 0.2
511 4.71855e-13
512 0
513 0
514 0
515 0
516 0
517 0
518 -0.142857
519 -0.285714
520 0
521 -0.0714286
522 -0.214286
523 -0.357143
524 0
525 -0.142857
526 -0.285714
527 -0.428571
528 0
529 -0.0263158
530 -0.210526
531 -0.394737
532 -0.0769231
533 0
534 -0.142857
535 -0.285714
536 -0.269231
537 -0.0714286
538 -0.214286
539 -0.357143
540 -0.461538
541 -0.142857
542 -0.285714
543 -0.428571
544 0
545 1.78357e-13
546 -0.210526
547 -0.421053
548 8.20344e-13
549 2.73469e-06
550 -0.152542
551 -0.305085
552 -0.25
553 -0.0847452
554 -0.237288
555 -0.38983
556 -0.5
557 -0.169491
558 -0.322034
559 -0.474576
560 -0.285714
561 -0.0384615
562 -0.230769
563 -0.423077
564 -0.0857143
565 -0.0135126
566 -0.162162
567 -0.310811
568 -0.285714
569 -0.0945944
570 -0.243243
571 -0.391892
572 -0.485714
573 -0.175676
574 -0.324324
575 -0.472973
576 0
577 0.0263158
578 -0.184211
579 -0.394737
580 8.23674e-13
581 0.0508538
582 -0.101694
583 -0.254237
584 -0.25
585 -0.0338966
586 -0.186441
587 -0.338983
588 -0.5
589 -0.118644
590 -0.271186
591 -0.423729
592 -0.357143
593 4.21885e-14
594 -0.192308
595 -0.384615
596 -0.0571429
597 0.0405428
598 -0.108108
599 -0.256757
600 -0.257143
601 -0.0405399
602 -0.189189
603 -0.337838
604 -0.457143
605 -0.121621
606 -0.27027
607 -0.418919
608 0
609 0.0526316
610 -0.157895
611 -0.368421
612 1.05327e-12
613 0.101695
614 -0.050846
615 -0.20339
616 -0.25
617 0.0169533
618 -0.135593
619 -0.288136
620 -0.5
621 -0.0677954
622 -0.220339
623 -0.372881
624 -0.428571
625 0.0384615
626 -0.153846
627 -0.346154
628 -0.0285714
629 0.0945992
630 -0.0540535
631 -0.202703
632 -0.228571
633 0.0135151
634 -0.135135
635 -0.283784
636 -0.428571
637 -0.0675671
638 -0.216216
639 -0.364865
640 0
641 -1.3145e-13
642 -0.214286
643 -0.428571
644 -5.83977e-14
645 1.44051e-13
646 -0.147059
647 -0.294118
648 -0.269231
649 -0.0882353
650 -0.235294
651 -0.382349
652 -0.538462
653 -0.176471
654 -0.323529
655 -0.470588
656 -0.357143
657 -0.0508475
658 -0.237288
659 -0.423729
660 -0.1
661 -0.0232558
662 -0.162791
663 -0.302326
664 -0.3
665 -0.104651
666 -0.244186
667 -0.383719
668 -0.5
669 -0.186047
670 -0.325576
671 -0.465116
672 -9.14824e-14
673 -1.20126e-13
674 -0.214286
675 -0.428571
676 1.8e-12
677 2.79221e-13
678 -0.151163
679 -0.302326
680 -0.257143
681 -0.0930233
682 -0.244186
683 -0.395349
684 -0.514286
685 -0.186047
686 -0.337209
687 -0.488372
688 -0.3
689 -0.0540541
690 -0.243243
691 -0.432432
692 -0.1
693 -0.0285714
694 -0.171429
695 -0.314286
696 -0.3
697 -0.114286
698 -0.257143
699 -0.4
700 -0.5
701 -0.2
702 -0.342857
703 -0.485714
704 -0.5
705 -1.0747e-13
706 -0.214286
707 -0.428571
708 -0.0285714
709 0.0232558
710 -0.127907
711 -0.27907
712 -0.285714
713 -0.0697674
714 -0.22093
715 -0.372093
716 -0.542857
717 -0.162791
718 -0.313953
719 -0.465116
720 -0.4
721 -0.0405405
722 -0.22973
723 -0.418919
724 -0.1
725 9.83658e-14
726 -0.142857
727 -0.285714
728 -0.3
729 -0.0857143
730 -0.228571
731 -0.371429
732 -0.5
733 -0.171429
734 -0.314286
735 -0.457143
736 -1
737 3.4972e-13
738 -0.214286
739 -0.428571
740 -0.0571429
741 0.0465116
742 -0.104651
743 -0.255814
744 -0.314286
745 -0.0465116
746 -0.197674
747 -0.348837
748 -0.571429
749 -0.139535
750 -0.290698
751 -0.44186
752 -0.5
753 -0.027027
754 -0.216216
755 -0.405405
756 -0.1
757 0.0285714
758 -0.114286
759 -0.257143
760 -0.3
761 -0.0571429
762 -0.2
763 -0.342857
764 -0.5
765 -0.142857
766 -0.285714
767 -0.428571
768 0
769 0.0714286
770 -0.142857
771 -0.357143
772 0.0769231
773 0.0882353
774 -0.0588235
775 -0.205882
776 -0.192308
777 -1.87295e-13
778 -0.147059
779 -0.294118
780 -0.461538
781 -0.0882353
782 -0.235294
783 -0.382353
784 -0.285714
785 0.0338983
786 -0.152542
787 -0.338983
788 -1.43108e-13
789 0.0697674
790 -0.0697674
791 -0.209302
792 -0.2
793 -0.0116279
794 -0.151163
795 -0.290698
796 -0.4
797 -0.0930233
798 -0.232558
799 -0.372089
800 2.00506e-13
801 0.0714286
802 -0.142857
803 -0.357143
804 0.0857143
805 0.0813954
806 -0.0697674
807 -0.22093
808 -0.171429
809 -0.0116279
810 -0.162791
811 -0.313953
812 -0.428571
813 -0.104651
814 -0.255814
815 -0.406977
816 -0.2
817 0.027027
818 -0.162162
819 -0.351351
820 2.30815e-13
821 0.0571429
822 -0.0857143
823 -0.228571
824 -0.2
825 -0.0285714
826 -0.171429
827 -0.314286
828 -0.4
829 -0.114286
830 -0.257143
831 -0.4
832 -0.5
833 0.0714286
834 -0.142857
835 -0.357143
836 0.0571429
837 0.104651
838 -0.0465116
839 -0.197674
840 -0.2
841 0.0116279
842 -0.139535
843 -0.290698
844 -0.457143
845 -0.0813954
846 -0.232558
847 -0.383721
848 -0.3
849 0.0405405
850 -0.148649
851 -0.337838
852 -9.41025e-13
853 0.0857143
854 -0.0571429
855 -0.2
856 -0.2
857 1.7919e-13
858 -0.142857
859 -0.285714
860 -0.4
861 -0.0857143
862 -0.228571
863 -0.371429
864 -1
865 0.0714286
866 -0.142857
867 -0.357143
868 0.0285714
869 0.127907
870 -0.0232558
871 -0.174419
872 -0.228571
873 0.0348837
874 -0.116279
875 -0.267442
876 -0.485714
877 -0.0581395
878 -0.209302
879 -0.360465
880 -0.4
881 0.0540541
882 -0.135135
883 -0.324324
884 -3.2041e-13
885 0.114286
886 -0.0285714
887 -0.171429
888 -0.2
889 0.0285714
890 -0.114286
891 -0.257143
892 -0.4
893 -0.0571429
894 -0.2
895 -0.342857
896 0
897 0.142857
898 -0.0714286
899 -0.285714
900 0.153846
901 0.176471
902 0.0294118
903 -0.117647
904 -0.115385
905 0.0882353
906 -0.0588235
907 -0.205882
908 -0.384615
909 -2.29816e-14
910 -0.147059
911 -0.294118
912 -0.214286
913 0.118644
914 -0.0677966
915 -0.254237
916 0.1
917 0.162791
918 0.0232558
919 -0.116279
920 -0.1
921 0.0813954
922 -0.0581395
923 -0.197674
924 -0.3
925 5.05151e-14
926 -0.139535
927 -0.27907
928 -9.41247e-13
929 0.142857
930 -0.0714286
931 -0.285714
932 0.171429
933 0.162791
934 0.0116279
935 -0.139535
936 -0.0857143
937 0.0697674
938 -0.0813954
939 -0.232558
940 -0.342857
941 -0.0232558
942 -0.174419
943 -0.325581
944 -0.1
945 0.108108
946 -0.0810811
947 -0.27027
948 0.1
949 0.142857
950 2.48912e-13
951 -0.142857
952 -0.1
953 0.0571429
954 -0.0857143
955 -0.228571
956 -0.3
957 -0.0285714
958 -0.171429
959 -0.314286
960 -0.5
961 0.142857
962 -0.0714286
963 -0.285714
964 0.142857
965 0.186047
966 0.0348837
967 -0.116279
968 -0.114286
969 0.0930233
970 -0.0581395
971 -0.209302
972 -0.371429
973 5.50782e-13
974 -0.151163
975 -0.302326
976 -0.2
977 0.121622
978 -0.0675676
979 -0.256757
980 0.1
981 0.171429
982 0.0285714
983 -0.114286
984 -0.1
985 0.0857143
986 -0.0571429
987 -0.2
988 -0.3
989 -1.96176e-13
990 -0.142857
991 -0.285714
992 -1
993 0.142857
994 -0.0714286
995 -0.285714
996 0.114286
997 0.209302
998 0.0581395
999 -0.0930233
1000 -0.142857
1001 0.116279
1002 -0.0348837
1003 -0.186047
1004 -0.4
1005 0.0232558
1006 -0.127907
1007 -0.27907
1008 -0.3
1009 0.135135
1010 -0.0540541
1011 -0.243243
1012 0.1
1013 0.2
1014 0.0571429
1015 -0.0857143
1016 -0.1
1017 0.114286
1018 -0.0285714
1019 -0.171429
1020 -0.3
1021 0.0285714
1022 -0.114286
1023 -0.257143
1024 0
1025 0
1026 0
1027 0
1028 0
1029 0.214286
1030 0.0714286
1031 -0.0714286
1032 0
1033 0.142857
1034 -1.49611e-13
1035 -0.142857
1036 0
1037 0.0714286
1038 -0.0714286
1039 -0.214286
1040 0
1041 0.184211
1042 -1.13062e-17
1043 -0.184209
1044 0.192308
1045 0.214286
1046 0.0714286
1047 -0.0714286
1048 3.57492e-13
1049 0.142857
1050 -2.59169e-13
1051 -0.142857
1052 -0.192308
1053 0.0714286
1054 -0.0714286
1055 -0.214286
1056 0
1057 0.184211
1058 -0.0263158
1059 -0.236842
1060 0.25
1061 0.186441
1062 0.0339034
1063 -0.118644
1064 9.13269e-13
1065 0.101695
1066 -0.050846
1067 -0.20339
1068 -0.25
1069 0.0169533
1070 -0.135593
1071 -0.288136
1072 0.0714286
1073 0.153846
1074 -0.0384615
1075 -0.230769
1076 0.171429
1077 0.175687
1078 0.0270289
1079 -0.121621
1080 -0.0285714
1081 0.0945992
1082 -0.0540535
1083 -0.202703
1084 -0.228571
1085 0.0135151
1086 -0.135135
1087 -0.283784
1088 0
1089 0.210526
1090 -3.93019e-14
1091 -0.210526
1092 0.25
1093 0.237288
1094 0.0847556
1095 -0.0677954
1096 -1.28786e-13
1097 0.152542
1098 3.41837e-06
1099 -0.152542
1100 -0.25
1101 0.0678048
1102 -0.0847448
1103 -0.237288
1104 -3.888e-13
1105 0.192308
1106 -1.16462e-13
1107 -0.192308
1108 0.2
1109 0.22973
1110 0.081085
1111 -0.0675671
1112 -5.08038e-13
1113 0.148657
1114 1.39571e-06
1115 -0.148649
1116 -0.2
1117 0.0675709
1118 -0.0810807
1119 -0.22973
1120 0
1121 0.236842
1122 0.0263158
1123 -0.184211
1124 0.25
1125 0.288136
1126 0.135593
1127 -0.0169463
1128 2.69562e-13
1129 0.20339
1130 0.0508542
1131 -0.101694
1132 -0.25
1133 0.118644
1134 -0.0338959
1135 -0.18644
1136 -0.0714286
1137 0.230769
1138 0.0384615
1139 -0.153846
1140 0.228571
1141 0.283784
1142 0.135142
1143 -0.0135123
1144 0.0285714
1145 0.202703
1146 0.054057
1147 -0.0945942
1148 -0.171429
1149 0.121628
1150 -0.027026
1151 -0.175676
1152 0
1153 0.142857
1154 -0.0714286
1155 -0.285714
1156 0.192308
1157 0.147059
1158 4.42979e-14
1159 -0.147059
1160 -0.0769231
1161 0.0588235
1162 -0.0882353
1163 -0.235294
1164 -0.346154
1165 -0.0294118
1166 -0.176471
1167 -0.323529
1168 -0.0714286
1169 0.101695
1170 -0.0847458
1171 -0.271186
1172 0.1
1173 0.127907
1174 -0.0116279
1175 -0.151163
1176 -0.1
1177 0.0465116
1178 -0.0930233
1179 -0.232558
1180 -0.3
1181 -0.0348837
1182 -0.174419
1183 -0.313953
1184 0.5
1185 0.142857
1186 -0.0714286
1187 -0.285714
1188 0.2
1189 0.139535
1190 -0.0116279
1191 -0.162791
1192 -0.0571429
1193 0.0465116
1194 -0.104651
1195 -0.255814
1196 -0.314286
1197 -0.0465116
1198 -0.197674
1199 -0.348837
1200 6.26416e-13
1201 0.0945946
1202 -0.0945946
1203 -0.283784
1204 0.1
1205 0.114286
1206 -0.0285714
1207 -0.171429
1208 -0.1
1209 0.0285714
1210 -0.114286
1211 -0.257143
1212 -0.3
1213 -0.0571429
1214 -0.2
1215 -0.342857
1216 -6.61693e-14
1217 0.142857
1218 -0.0714286
1219 -0.285714
1220 0.171429
1221 0.162791
1222 0.0116279
1223 -0.139535
1224 -0.0857143
1225 0.0697674
1226 -0.0813954
1227 -0.232558
1228 -0.342857
1229 -0.0232558
1230 -0.174419
1231 -0.325581
1232 -0.1
1233 0.108108
1234 -0.0810811
1235 -0.27027
1236 0.1
1237 0.142857
1238 -2.55351e-14
1239 -0.142857
1240 -0.1
1241 0.0571429
1242 -0.0857143
1243 -0.228571
1244 -0.3
1245 -0.0285714
1246 -0.171429
1247 -0.314286
1248 -0.5
1249 0.142857
1250 -0.0714286
1251 -0.285714
1252 0.142857
1253 0.186047
1254 0.0348837
1255 -0.116279
1256 -0.114286
1257 0.0930233
1258 -0.0581395
1259 -0.209302
1260 -0.371429
1261 1.80411e-13
1262 -0.151163
1263 -0.302326
1264 -0.2
1265 0.121622
1266 -0.0675676
1267 -0.256757
1268 0.1
1269 0.171429
1270 0.0285714
1271 -0.114286
1272 -0.1
1273 0.0857143
1274 -0.0571429
1275 -0.2
1276 -0.3
1277 3.51497e-13
1278 -0.142857
1279 -0.285714
1280 0
1281 0.214286
1282 -8.28226e-14
1283 -0.214286
1284 0.269231
1285 0.235294
1286 0.0882353
1287 -0.0588235
1288 -1.13698e-12
1289 0.147059
1290 6.83897e-14
1291 -0.147059
1292 -0.269231
1293 0.0588235
1294 -0.0882353
1295 -0.235294
1296 6.09712e-15
1297 0.186441
1298 3.27294e-13
1299 -0.186441
1300 0.2
1301 0.22093
1302 0.0813954
1303 -0.0581395
1304 -4.37539e-13
1305 0.139535
1306 -2.4647e-14
1307 -0.139535
1308 -0.2
1309 0.0581395
1310 -0.0813954
1311 -0.22093
1312 0.5
1313 0.214286
1314 1.29341e-12
1315 -0.214286
1316 0.285714
1317 0.22093
1318 0.0697674
1319 -0.0813954
1320 0.0285714
1321 0.127907
1322 -0.0232558
1323 -0.174419
1324 -0.228571
1325 0.0348837
1326 -0.116279
1327 -0.267442
1328 0.1
1329 0.175676
1330 -0.0135135
1331 -0.202703
1332 0.2
1333 0.2
1334 0.0571429
1335 -0.0857143
1336 1.29452e-12
1337 0.114286
1338 -0.0285714
1339 -0.171429
1340 -0.2
1341 0.0285714
1342 -0.114286
1343 -0.257143
1344 2.26263e-13
1345 0.214286
1346 -1.01474e-13
1347 -0.214286
1348 0.257143
1349 0.244186
1350 0.0930233
1351 -0.0581395
1352 -1.15663e-12
1353 0.151163
1354 8.88178e-16
1355 -0.151163
1356 -0.257143
1357 0.0581395
1358 -0.0930233
1359 -0.244186
1360 -2.37831e-14
1361 0.189189
1362 -9.59233e-14
1363 -0.189189
1364 0.2
1365 0.228571
1366 0.0857143
1367 -0.0571429
1368 -4.08562e-13
1369 0.142857
1370 1.50546e-13
1371 -0.142857
1372 -0.2
1373 0.0571429
1374 -0.0857143
1375 -0.228571
1376 -0.5
1377 0.214286
1378 -1.3689e-13
1379 -0.214286
1380 0.228571
1381 0.267442
1382 0.116279
1383 -0.0348837
1384 -0.0285714
1385 0.174419
1386 0.0232558
1387 -0.127907
1388 -0.285714
1389 0.0813954
1390 -0.0697674
1391 -0.22093
1392 -0.1
1393 0.202703
1394 0.0135135
1395 -0.175676
1396 0.2
1397 0.257143
1398 0.114286
1399 -0.0285714
1400 -2.64455e-13
1401 0.171429
1402 0.0285714
1403 -0.114286
1404 -0.2
1405 0.0857143
1406 -0.0571429
1407 -0.2
1408 0
1409 0.285714
1410 0.0714286
1411 -0.142857
1412 0.346154
1413 0.323529
1414 0.176471
1415 0.0294118
1416 0.0769231
1417 0.235294
1418 0.0882353
1419 -0.0588235
1420 -0.192308
1421 0.147059
1422 -1.37002e-13
1423 -0.147059
1424 0.0714286
1425 0.271186
1426 0.0847458
1427 -0.101695
1428 0.3
1429 0.313953
1430 0.174419
1431 0.0348837
1432 0.1
1433 0.232558
1434 0.0930233
1435 -0.0465116
1436 -0.1
1437 0.151163
1438 0.0116279
1439 -0.127907
1440 0.5
1441 0.285714
1442 0.0714286
1443 -0.142857
1444 0.371429
1445 0.302326
1446 0.151163
1447 -3.10529e-13
1448 0.114286
1449 0.209302
1450 0.0581395
1451 -0.0930233
1452 -0.142857
1453 0.116279
1454 -0.0348837
1455 -0.186047
1456 0.2
1457 0.256757
1458 0.0675676
1459 -0.121622
1460 0.3
1461 0.285714
1462 0.142857
1463 1.69087e-13
1464 0.1
1465 0.2
1466 0.0571429
1467 -0.0857143
1468 -0.1
1469 0.114286
1470 -0.0285714
1471 -0.171429
1472 8.17124e-14
1473 0.285714
1474 0.0714286
1475 -0.142857
1476 0.342857
1477 0.325581
1478 0.174419
1479 0.0232558
1480 0.0857143
1481 0.232558
1482 0.0813954
1483 -0.0697674
1484 -0.171429
1485 0.139535
1486 -0.0116279
1487 -0.162791
1488 0.1
1489 0.27027
1490 0.0810811
1491 -0.108108
1492 0.3
1493 0.314286
1494 0.171429
1495 0.0285714
1496 0.1
1497 0.228571
1498 0.0857143
1499 -0.0571429
1500 -0.1
1501 0.142857
1502 -1.35336e-13
1503 -0.142857
1504 -0.5
1505 0.285714
1506 0.0714286
1507 -0.142857
1508 0.314286
1509 0.348837
1510 0.197674
1511 0.0465116
1512 0.0571429
1513 0.255814
1514 0.104651
1515 -0.0465116
1516 -0.2
1517 0.162791
1518 0.0116279
1519 -0.139535
1520 -3.34866e-13
1521 0.283784
1522 0.0945946
1523 -0.0945946
1524 0.3
1525 0.342857
1526 0.2
1527 0.0571429
1528 0.1
1529 0.257143
1530 0.114286
1531 -0.0285714
1532 -0.1
1533 0.171429
1534 0.0285714
1535 -0.114286
1536 0
1537 0
1538 0
1539 0
1540 0
1541 0.428571
1542 0.285714
1543 0.142857
1544 0
1545 0.357143
1546 0.214286
1547 0.0714286
1548 0
1549 0.285714
1550 0.142857
1551 -2.49393e-13
1552 0
1553 0.394737
1554 0.210526
1555 0.0263158
1556 0.461538
1557 0.428571
1558 0.285714
1559 0.142857
1560 0.269231
1561 0.357143
1562 0.214286
1563 0.0714286
1564 0.0769231
1565 0.285714
1566 0.142857
1567 0
1568 0
1569 0.368421
1570 0.157895
1571 -0.0526316
1572 0.5
1573 0.372881
1574 0.220339
1575 0.0678048
1576 0.25
1577 0.288136
1578 0.135593
1579 -0.0169463
1580 -5.10925e-13
1581 0.20339
1582 0.0508542
1583 -0.101694
1584 0.428571
1585 0.346154
1586 0.153846
1587 -0.0384615
1588 0.428571
1589 0.364865
1590 0.216216
1591 0.0675709
1592 0.228571
1593 0.283784
1594 0.135142
1595 -0.0135123
1596 0.0285714
1597 0.202703
1598 0.054057
1599 -0.0945942
1600 0
1601 0.394737
1602 0.184211
1603 -0.0263158
1604 0.5
1605 0.423729
1606 0.271186
1607 0.118644
1608 0.25
1609 0.338983
1610 0.186441
1611 0.033904
1612 1.02118e-12
1613 0.254237
1614 0.101695
1615 -0.0508454
1616 0.357143
1617 0.384615
1618 0.192308
1619 1.19127e-13
1620 0.457143
1621 0.418919
1622 0.27027
1623 0.121628
1624 0.257143
1625 0.337838
1626 0.189189
1627 0.040543
1628 0.0571429
1629 0.256757
1630 0.108113
1631 -0.0405396
1632 0
1633 0.421053
1634 0.210526
1635 -3.12639e-13
1636 0.5
1637 0.474576
1638 0.322034
1639 0.169492
1640 0.25
1641 0.38983
1642 0.237288
1643 0.0847458
1644 -1.60538e-13
1645 0.305085
1646 0.152542
1647 4.10204e-06
1648 0.285714
1649 0.423077
1650 0.230769
1651 0.0384615
1652 0.485714
1653 0.472973
1654 0.324324
1655 0.175686
1656 0.285714
1657 0.391892
1658 0.243243
1659 0.0945992
1660 0.0857143
1661 0.310811
1662 0.162171
1663 0.0135154
1664 0
1665 0.285714
1666 0.0714286
1667 -0.142857
1668 0.384615
1669 0.294118
1670 0.147059
1671 1.36002e-13
1672 0.115385
1673 0.205882
1674 0.0588235
1675 -0.0882353
1676 -0.153846
1677 0.117647
1678 -0.0294118
1679 -0.176471
1680 0.214286
1681 0.254237
1682 0.0677966
1683 -0.118644
1684 0.3
1685 0.27907
1686 0.139535
1687 4.75175e-14
1688 0.1
1689 0.197674
1690 0.0581395
1691 -0.0813954
1692 -0.1
1693 0.116279
1694 -0.0232558
1695 -0.162791
1696 1
1697 0.285714
1698 0.0714286
1699 -0.142857
1700 0.4
1701 0.27907
1702 0.127907
1703 -0.0232558
1704 0.142857
1705 0.186047
1706 0.0348837
1707 -0.116279
1708 -0.114286
1709 0.0930233
1710 -0.0581395
1711 -0.209302
1712 0.3
1713 0.243243
1714 0.0540541
1715 -0.135135
1716 0.3
1717 0.257143
1718 0.114286
1719 -0.0285714
1720 0.1
1721 0.171429
1722 0.0285714
1723 -0.114286
1724 -0.1
1725 0.0857143
1726 -0.0571429
1727 -0.2
1728 0.5
1729 0.285714
1730 0.0714286
1731 -0.142857
1732 0.371429
1733 0.302326
1734 0.151163
1735 5.78426e-14
1736 0.114286
1737 0.209302
1738 0.0581395
1739 -0.0930233
1740 -0.142857
1741 0.116279
1742 -0.0348837
1743 -0.186047
1744 0.2
1745 0.256757
1746 0.0675676
1747 -0.121622
1748 0.3
1749 0.285714
1750 0.142857
1751 5.55112e-14
1752 0.1
1753 0.2
1754 0.0571429
1755 -0.0857143
1756 -0.1
1757 0.114286
1758 -0.0285714
1759 -0.171429
1760 8.64864e-13
1761 0.285714
1762 0.0714286
1763 -0.142857
1764 0.342857
1765 0.325581
1766 0.174419
1767 0.0232558
1768 0.0857143
1769 0.232558
1770 0.0813954
1771 -0.0697674
1772 -0.171429
1773 0.139535
1774 -0.0116279
1775 -0.162791
1776 0.1
1777 0.27027
1778 0.0810811
1779 -0.108108
1780 0.3
1781 0.314286
1782 0.171429
1783 0.0285714
1784 0.1
1785 0.228571
1786 0.0857143
1787 -0.0571429
1788 -0.1
1789 0.142857
1790 -1.26565e-14
1791 -0.142857
1792 0
1793 0.357143
1794 0.142857
1795 -0.0714286
1796 0.461538
1797 0.382353
1798 0.235294
1799 0.0882353
1800 0.192308
1801 0.294118
1802 0.147059
1803 -5.06262e-14
1804 -0.0769231
1805 0.205882
1806 0.0588235
1807 -0.0882353
1808 0.285714
1809 0.338983
1810 0.152542
1811 -0.0338983
1812 0.4
1813 0.372093
1814 0.232558
1815 0.0930233
1816 0.2
1817 0.290698
1818 0.151163
1819 0.0116279
1820 9.93872e-13
1821 0.209302
1822 0.0697674
1823 -0.0697674
1824 1
1825 0.357143
1826 0.142857
1827 -0.0714286
1828 0.485714
1829 0.360465
1830 0.209302
1831 0.0581395
1832 0.228571
1833 0.267442
1834 0.116279
1835 -0.0348837
1836 -0.0285714
1837 0.174419
1838 0.0232558
1839 -0.127907
1840 0.4
1841 0.324324
1842 0.135135
1843 -0.0540541
1844 0.4
1845 0.342857
1846 0.2
1847 0.0571429
1848 0.2
1849 0.257143
1850 0.114286
1851 -0.0285714
1852 1.803e-13
1853 0.171429
1854 0.0285714
1855 -0.114286
1856 0.5
1857 0.357143
1858 0.142857
1859 -0.0714286
1860 0.457143
1861 0.383721
1862 0.232558
1863 0.0813954
1864 0.2
1865 0.290698
1866 0.139535
1867 -0.0116279
1868 -0.0571429
1869 0.197674
1870 0.0465116
1871 -0.104651
1872 0.3
1873 0.337838
1874 0.148649
1875 -0.0405405
1876 0.4
1877 0.371429
1878 0.228571
1879 0.0857143
1880 0.2
1881 0.285714
1882 0.142857
1883 8.33777e-14
1884 -4.83613e-13
1885 0.2
1886 0.0571429
1887 -0.0857143
1888 -5.4845e-13
1889 0.357143
1890 0.142857
1891 -0.0714286
1892 0.428571
1893 0.406977
1894 0.255814
1895 0.104651
1896 0.171429
1897 0.313953
1898 0.162791
1899 0.0116279
1900 -0.0857143
1901 0.22093
1902 0.0697674
1903 -0.0813954
1904 0.2
1905 0.351351
1906 0.162162
1907 -0.027027
1908 0.4
1909 0.4
1910 0.257143
1911 0.114286
1912 0.2
1913 0.314286
1914 0.171429
1915 0.0285714
1916 5.22249e-13
1917 0.228571
1918 0.0857143
1919 -0.0571429
1920 0
1921 0.428571
1922 0.214286
1923 5.12035e-13
1924 0.538462
1925 0.470588
1926 0.323529
1927 0.176471
1928 0.269231
1929 0.382353
1930 0.235294
1931 0.0882353
1932 7.58504e-13
1933 0.294118
1934 0.147059
1935 1.3789e-13
1936 0.357143
1937 0.423729
1938 0.237288
1939 0.0508475
1940 0.5
1941 0.465116
1942 0.325581
1943 0.186047
1944 0.3
1945 0.383721
1946 0.244186
1947 0.104651
1948 0.1
1949 0.302326
1950 0.162791
1951 0.0232558
1952 1
1953 0.428571
1954 0.214286
1955 -6.60805e-13
1956 0.571429
1957 0.44186
1958 0.290698
1959 0.139535
1960 0.314286
1961 0.348837
1962 0.197674
1963 0.0465116
1964 0.0571429
1965 0.255814
1966 0.104651
1967 -0.0465116
1968 0.5
1969 0.405405
1970 0.216216
1971 0.027027
1972 0.5
1973 0.428571
1974 0.285714
1975 0.142857
1976 0.3
1977 0.342857
1978 0.2
1979 0.0571429
1980 0.1
1981 0.257143
1982 0.114286
1983 -0.0285714
1984 0.5
1985 0.428571
1986 0.214286
1987 2.57239e-13
1988 0.542857
1989 0.465116
1990 0.313953
1991 0.162791
1992 0.285714
1993 0.372093
1994 0.22093
1995 0.0697674
1996 0.0285714
1997 0.27907
1998 0.127907
1999 -0.0232558
2000 0.4
2001 0.418919
2002 0.22973
2003 0.0405405
2004 0.5
2005 0.457143
2006 0.314286
2007 0.171429
2008 0.3
2009 0.371429
2010 0.228571
2011 0.0857143
2012 0.1
2013 0.285714
2014 0.142857
2015 1.97287e-13
2016 -3.16858e-13
2017 0.428571
2018 0.214286
2019 1.6076e-13
2020 0.514286
2021 0.488372
2022 0.337209
2023 0.186047
2024 0.257143
2025 0.395349
2026 0.244186
2027 0.0930233
2028 -9.42801e-13
2029 0.302326
2030 0.151163
2031 -4.38538e-14
2032 0.3
2033 0.432432
2034 0.243243
2035 0.0540541
2036 0.5
2037 0.485714
2038 0.342857
2039 0.2
2040 0.3
2041 0.4
2042 0.257143
2043 0.114286
2044 0.1
2045 0.314286
2046 0.171429
2047 0.0285714
