#CSC Slope LUT
#Structure is comparator code (iCC) -> Stub slope
#iCC bits: 12
#<header> v1.0 12 32 </header>
0 16
1 16
2 16
3 16
4 16
5 16
6 16
7 16
8 16
9 16
10 16
11 16
12 16
13 16
14 16
15 16
16 16
17 16
18 16
19 16
20 16
21 31
22 31
23 28
24 16
25 31
26 31
27 28
28 16
29 31
30 31
31 28
32 16
33 16
34 16
35 16
36 16
37 29
38 27
39 25
40 16
41 29
42 26
43 24
44 16
45 28
46 26
47 24
48 16
49 30
50 27
51 24
52 31
53 30
54 28
55 26
56 28
57 30
58 28
59 25
60 24
61 29
62 27
63 24
64 16
65 16
66 16
67 16
68 16
69 31
70 30
71 28
72 16
73 31
74 29
75 27
76 16
77 30
78 29
79 26
80 16
81 31
82 29
83 26
84 31
85 31
86 30
87 28
88 31
89 31
90 30
91 28
92 28
93 31
94 29
95 27
96 16
97 16
98 16
99 16
100 16
101 31
102 31
103 30
104 16
105 31
106 31
107 30
108 16
109 31
110 31
111 29
112 16
113 31
114 31
115 29
116 31
117 31
118 31
119 30
120 31
121 31
122 31
123 30
124 31
125 31
126 31
127 29
128 16
129 16
130 16
131 16
132 16
133 30
134 28
135 27
136 16
137 29
138 28
139 26
140 16
141 29
142 27
143 26
144 16
145 30
146 28
147 26
148 30
149 30
150 29
151 27
152 28
153 30
154 28
155 26
156 26
157 29
158 27
159 26
160 16
161 29
162 27
163 25
164 31
165 30
166 28
167 27
168 29
169 29
170 28
171 26
172 26
173 28
174 27
175 25
176 24
177 29
178 27
179 25
180 30
181 30
182 28
183 27
184 28
185 29
186 28
187 26
188 25
189 28
190 27
191 25
192 16
193 30
194 28
195 26
196 31
197 30
198 29
199 28
200 29
201 30
202 28
203 27
204 26
205 29
206 28
207 26
208 24
209 30
210 28
211 26
212 30
213 30
214 29
215 28
216 28
217 30
218 28
219 27
220 26
221 29
222 28
223 26
224 16
225 30
226 28
227 26
228 31
229 31
230 30
231 28
232 30
233 30
234 29
235 28
236 27
237 30
238 28
239 27
240 24
241 30
242 28
243 26
244 31
245 31
246 30
247 28
248 29
249 30
250 29
251 28
252 27
253 30
254 28
255 27
256 16
257 16
258 16
259 16
260 16
261 31
262 30
263 29
264 16
265 31
266 30
267 28
268 16
269 30
270 29
271 28
272 16
273 31
274 30
275 28
276 31
277 31
278 30
279 29
280 30
281 31
282 30
283 29
284 29
285 30
286 29
287 28
288 16
289 30
290 29
291 27
292 31
293 31
294 30
295 28
296 30
297 30
298 29
299 28
300 28
301 30
302 28
303 27
304 28
305 30
306 29
307 26
308 31
309 31
310 30
311 28
312 30
313 30
314 29
315 28
316 28
317 30
318 28
319 27
320 16
321 31
322 29
323 27
324 31
325 31
326 30
327 29
328 31
329 31
330 30
331 28
332 29
333 30
334 29
335 28
336 28
337 30
338 29
339 27
340 31
341 31
342 30
343 29
344 30
345 31
346 30
347 28
348 28
349 30
350 29
351 28
352 16
353 31
354 30
355 28
356 31
357 31
358 31
359 30
360 31
361 31
362 30
363 29
364 29
365 31
366 30
367 28
368 28
369 31
370 30
371 28
372 31
373 31
374 31
375 30
376 31
377 31
378 30
379 29
380 29
381 31
382 30
383 28
384 16
385 16
386 16
387 16
388 16
389 31
390 31
391 30
392 16
393 31
394 31
395 30
396 16
397 31
398 31
399 30
400 16
401 31
402 31
403 30
404 31
405 31
406 31
407 30
408 31
409 31
410 31
411 30
412 31
413 31
414 31
415 30
416 16
417 31
418 30
419 28
420 31
421 31
422 31
423 30
424 31
425 31
426 30
427 29
428 30
429 31
430 30
431 28
432 31
433 31
434 30
435 28
436 31
437 31
438 31
439 30
440 31
441 31
442 30
443 29
444 30
445 31
446 30
447 28
448 16
449 31
450 30
451 29
452 31
453 31
454 31
455 30
456 31
457 31
458 31
459 30
460 30
461 31
462 30
463 29
464 31
465 31
466 30
467 29
468 31
469 31
470 31
471 30
472 31
473 31
474 31
475 30
476 30
477 31
478 30
479 29
480 16
481 31
482 31
483 29
484 31
485 31
486 31
487 31
488 31
489 31
490 31
491 30
492 31
493 31
494 31
495 30
496 31
497 31
498 31
499 29
500 31
501 31
502 31
503 31
504 31
505 31
506 31
507 30
508 31
509 31
510 31
511 30
512 16
513 16
514 16
515 16
516 16
517 29
518 28
519 26
520 16
521 28
522 27
523 26
524 16
525 28
526 26
527 25
528 16
529 28
530 26
531 25
532 28
533 29
534 28
535 26
536 27
537 28
538 27
539 26
540 25
541 28
542 26
543 25
544 16
545 28
546 27
547 25
548 30
549 29
550 28
551 26
552 28
553 28
554 27
555 26
556 26
557 27
558 26
559 25
560 24
561 28
562 26
563 25
564 28
565 29
566 27
567 26
568 26
569 28
570 27
571 26
572 25
573 27
574 26
575 25
576 16
577 29
578 27
579 25
580 30
581 29
582 28
583 27
584 28
585 29
586 27
587 26
588 26
589 28
590 27
591 25
592 24
593 28
594 27
595 25
596 28
597 29
598 28
599 27
600 27
601 28
602 27
603 26
604 25
605 28
606 27
607 25
608 16
609 29
610 27
611 25
612 30
613 30
614 28
615 27
616 28
617 29
618 28
619 26
620 26
621 28
622 27
623 26
624 23
625 28
626 27
627 25
628 29
629 29
630 28
631 27
632 27
633 29
634 28
635 26
636 25
637 28
638 27
639 26
640 16
641 29
642 27
643 25
644 30
645 29
646 28
647 27
648 28
649 28
650 27
651 26
652 26
653 28
654 27
655 25
656 24
657 28
658 26
659 25
660 28
661 29
662 28
663 27
664 27
665 28
666 27
667 26
668 25
669 28
670 26
671 25
672 28
673 29
674 27
675 25
676 30
677 29
678 28
679 27
680 28
681 28
682 27
683 26
684 26
685 28
686 26
687 25
688 24
689 28
690 26
691 25
692 28
693 29
694 28
695 26
696 27
697 28
698 27
699 26
700 25
701 27
702 26
703 25
704 24
705 29
706 27
707 25
708 30
709 29
710 28
711 27
712 28
713 29
714 27
715 26
716 26
717 28
718 27
719 25
720 24
721 28
722 27
723 25
724 28
725 29
726 28
727 27
728 27
729 28
730 27
731 26
732 25
733 28
734 26
735 25
736 20
737 29
738 27
739 25
740 29
741 30
742 28
743 27
744 27
745 29
746 28
747 26
748 25
749 28
750 27
751 26
752 23
753 28
754 27
755 25
756 28
757 29
758 28
759 27
760 27
761 29
762 27
763 26
764 25
765 28
766 27
767 26
768 16
769 29
770 28
771 26
772 30
773 30
774 29
775 28
776 28
777 29
778 28
779 27
780 26
781 28
782 27
783 26
784 24
785 29
786 27
787 26
788 29
789 30
790 28
791 27
792 28
793 29
794 28
795 27
796 26
797 28
798 27
799 26
800 28
801 29
802 28
803 26
804 30
805 30
806 29
807 27
808 29
809 29
810 28
811 27
812 26
813 28
814 27
815 26
816 25
817 29
818 27
819 26
820 29
821 29
822 28
823 27
824 28
825 29
826 28
827 26
828 26
829 28
830 27
831 26
832 24
833 29
834 28
835 26
836 30
837 30
838 29
839 28
840 28
841 29
842 28
843 27
844 26
845 29
846 27
847 26
848 24
849 29
850 27
851 26
852 29
853 30
854 29
855 27
856 28
857 29
858 28
859 27
860 26
861 28
862 27
863 26
864 20
865 29
866 28
867 26
868 30
869 30
870 29
871 28
872 28
873 29
874 28
875 27
876 26
877 29
878 28
879 26
880 24
881 29
882 27
883 26
884 29
885 30
886 29
887 28
888 28
889 29
890 28
891 27
892 26
893 29
894 27
895 26
896 16
897 30
898 28
899 26
900 30
901 30
902 29
903 28
904 29
905 30
906 29
907 28
908 27
909 29
910 28
911 27
912 25
913 29
914 28
915 26
916 30
917 30
918 29
919 28
920 28
921 30
922 29
923 27
924 27
925 29
926 28
927 27
928 28
929 30
930 28
931 26
932 30
933 30
934 29
935 28
936 29
937 30
938 29
939 27
940 27
941 29
942 28
943 27
944 26
945 29
946 28
947 26
948 30
949 30
950 29
951 28
952 28
953 29
954 28
955 27
956 27
957 29
958 28
959 26
960 24
961 30
962 28
963 26
964 30
965 30
966 29
967 28
968 29
969 30
970 29
971 28
972 27
973 29
974 28
975 27
976 25
977 29
978 28
979 26
980 30
981 30
982 29
983 28
984 28
985 30
986 29
987 27
988 27
989 29
990 28
991 27
992 20
993 30
994 28
995 26
996 30
997 30
998 30
999 28
1000 29
1001 30
1002 29
1003 28
1004 27
1005 29
1006 28
1007 27
1008 24
1009 29
1010 28
1011 26
1012 30
1013 30
1014 29
1015 28
1016 28
1017 30
1018 29
1019 28
1020 27
1021 29
1022 28
1023 27
1024 16
1025 16
1026 16
1027 16
1028 16
1029 30
1030 29
1031 28
1032 16
1033 30
1034 29
1035 28
1036 16
1037 29
1038 28
1039 27
1040 16
1041 30
1042 28
1043 27
1044 30
1045 30
1046 29
1047 28
1048 29
1049 30
1050 29
1051 28
1052 27
1053 29
1054 28
1055 27
1056 16
1057 30
1058 28
1059 26
1060 31
1061 30
1062 29
1063 28
1064 30
1065 30
1066 28
1067 27
1068 28
1069 29
1070 28
1071 26
1072 27
1073 29
1074 28
1075 26
1076 30
1077 30
1078 29
1079 28
1080 29
1081 29
1082 28
1083 27
1084 27
1085 29
1086 28
1087 26
1088 16
1089 30
1090 28
1091 27
1092 31
1093 30
1094 29
1095 28
1096 30
1097 30
1098 29
1099 28
1100 28
1101 29
1102 28
1103 27
1104 26
1105 30
1106 28
1107 27
1108 30
1109 30
1110 29
1111 28
1112 29
1113 30
1114 29
1115 28
1116 27
1117 29
1118 28
1119 27
1120 16
1121 30
1122 29
1123 27
1124 31
1125 30
1126 30
1127 29
1128 30
1129 30
1130 29
1131 28
1132 28
1133 30
1134 29
1135 27
1136 26
1137 30
1138 28
1139 27
1140 30
1141 30
1142 30
1143 29
1144 29
1145 30
1146 29
1147 28
1148 27
1149 30
1150 28
1151 27
1152 16
1153 30
1154 28
1155 26
1156 31
1157 30
1158 29
1159 28
1160 29
1161 30
1162 28
1163 27
1164 27
1165 29
1166 28
1167 27
1168 26
1169 29
1170 28
1171 26
1172 30
1173 30
1174 29
1175 28
1176 28
1177 29
1178 28
1179 27
1180 27
1181 29
1182 28
1183 26
1184 31
1185 30
1186 28
1187 26
1188 31
1189 30
1190 29
1191 28
1192 29
1193 30
1194 28
1195 27
1196 27
1197 29
1198 28
1199 26
1200 27
1201 29
1202 28
1203 26
1204 30
1205 30
1206 29
1207 28
1208 28
1209 29
1210 28
1211 27
1212 27
1213 29
1214 27
1215 26
1216 28
1217 30
1218 28
1219 26
1220 30
1221 30
1222 29
1223 28
1224 29
1225 30
1226 29
1227 27
1228 27
1229 29
1230 28
1231 27
1232 26
1233 29
1234 28
1235 26
1236 30
1237 30
1238 29
1239 28
1240 28
1241 29
1242 28
1243 27
1244 27
1245 29
1246 28
1247 26
1248 24
1249 30
1250 28
1251 26
1252 30
1253 30
1254 29
1255 28
1256 29
1257 30
1258 29
1259 28
1260 27
1261 29
1262 28
1263 27
1264 25
1265 29
1266 28
1267 26
1268 30
1269 30
1270 29
1271 28
1272 28
1273 30
1274 29
1275 27
1276 27
1277 29
1278 28
1279 27
1280 16
1281 30
1282 29
1283 27
1284 31
1285 30
1286 30
1287 29
1288 30
1289 30
1290 29
1291 28
1292 28
1293 30
1294 28
1295 27
1296 26
1297 30
1298 28
1299 27
1300 30
1301 30
1302 30
1303 29
1304 29
1305 30
1306 29
1307 28
1308 28
1309 29
1310 28
1311 27
1312 31
1313 30
1314 29
1315 27
1316 31
1317 30
1318 30
1319 29
1320 30
1321 30
1322 29
1323 28
1324 28
1325 29
1326 28
1327 27
1328 28
1329 30
1330 28
1331 27
1332 30
1333 30
1334 29
1335 28
1336 29
1337 30
1338 29
1339 28
1340 28
1341 29
1342 28
1343 27
1344 28
1345 30
1346 29
1347 27
1348 31
1349 30
1350 30
1351 29
1352 30
1353 30
1354 29
1355 28
1356 28
1357 30
1358 28
1359 27
1360 27
1361 30
1362 28
1363 27
1364 30
1365 30
1366 30
1367 29
1368 29
1369 30
1370 29
1371 28
1372 28
1373 29
1374 28
1375 27
1376 24
1377 30
1378 29
1379 27
1380 31
1381 30
1382 30
1383 29
1384 30
1385 30
1386 29
1387 28
1388 28
1389 30
1390 29
1391 27
1392 26
1393 30
1394 28
1395 27
1396 30
1397 30
1398 30
1399 29
1400 29
1401 30
1402 29
1403 28
1404 28
1405 30
1406 29
1407 27
1408 16
1409 30
1410 29
1411 28
1412 31
1413 31
1414 30
1415 29
1416 30
1417 30
1418 30
1419 29
1420 28
1421 30
1422 29
1423 28
1424 27
1425 30
1426 29
1427 28
1428 31
1429 31
1430 30
1431 29
1432 30
1433 30
1434 30
1435 29
1436 28
1437 30
1438 29
1439 28
1440 31
1441 30
1442 29
1443 28
1444 31
1445 31
1446 30
1447 29
1448 30
1449 30
1450 30
1451 28
1452 29
1453 30
1454 29
1455 28
1456 28
1457 30
1458 29
1459 27
1460 31
1461 30
1462 30
1463 29
1464 30
1465 30
1466 29
1467 28
1468 28
1469 30
1470 29
1471 28
1472 28
1473 30
1474 29
1475 28
1476 31
1477 31
1478 30
1479 29
1480 30
1481 30
1482 30
1483 29
1484 29
1485 30
1486 29
1487 28
1488 28
1489 30
1490 29
1491 28
1492 31
1493 31
1494 30
1495 29
1496 30
1497 30
1498 30
1499 29
1500 28
1501 30
1502 29
1503 28
1504 24
1505 30
1506 29
1507 28
1508 31
1509 31
1510 30
1511 30
1512 30
1513 30
1514 30
1515 29
1516 28
1517 30
1518 29
1519 28
1520 27
1521 30
1522 29
1523 28
1524 31
1525 31
1526 30
1527 29
1528 30
1529 30
1530 30
1531 29
1532 28
1533 30
1534 29
1535 28
1536 16
1537 16
1538 16
1539 16
1540 16
1541 31
1542 30
1543 30
1544 16
1545 31
1546 30
1547 29
1548 16
1549 30
1550 30
1551 29
1552 16
1553 30
1554 30
1555 28
1556 31
1557 31
1558 30
1559 30
1560 30
1561 31
1562 30
1563 29
1564 29
1565 30
1566 30
1567 29
1568 16
1569 30
1570 30
1571 28
1572 31
1573 31
1574 30
1575 29
1576 31
1577 30
1578 30
1579 29
1580 30
1581 30
1582 29
1583 28
1584 30
1585 30
1586 29
1587 28
1588 31
1589 31
1590 30
1591 29
1592 30
1593 30
1594 30
1595 29
1596 29
1597 30
1598 29
1599 28
1600 16
1601 31
1602 30
1603 28
1604 31
1605 31
1606 30
1607 30
1608 31
1609 31
1610 30
1611 29
1612 30
1613 30
1614 30
1615 28
1616 29
1617 30
1618 30
1619 28
1620 31
1621 31
1622 30
1623 30
1624 30
1625 30
1626 30
1627 29
1628 29
1629 30
1630 30
1631 28
1632 16
1633 31
1634 30
1635 28
1636 31
1637 31
1638 30
1639 30
1640 31
1641 31
1642 30
1643 29
1644 30
1645 30
1646 30
1647 29
1648 29
1649 31
1650 30
1651 28
1652 31
1653 31
1654 30
1655 30
1656 30
1657 31
1658 30
1659 29
1660 29
1661 30
1662 30
1663 29
1664 16
1665 30
1666 29
1667 28
1668 31
1669 31
1670 30
1671 29
1672 30
1673 30
1674 30
1675 28
1676 29
1677 30
1678 29
1679 28
1680 28
1681 30
1682 29
1683 27
1684 31
1685 30
1686 30
1687 29
1688 30
1689 30
1690 29
1691 28
1692 28
1693 30
1694 29
1695 28
1696 31
1697 30
1698 29
1699 28
1700 31
1701 30
1702 30
1703 29
1704 30
1705 30
1706 29
1707 28
1708 29
1709 30
1710 29
1711 28
1712 29
1713 30
1714 29
1715 27
1716 31
1717 30
1718 30
1719 29
1720 30
1721 30
1722 29
1723 28
1724 28
1725 30
1726 29
1727 27
1728 31
1729 30
1730 29
1731 28
1732 31
1733 31
1734 30
1735 29
1736 30
1737 30
1738 30
1739 28
1740 29
1741 30
1742 29
1743 28
1744 28
1745 30
1746 29
1747 27
1748 31
1749 30
1750 30
1751 29
1752 30
1753 30
1754 29
1755 28
1756 28
1757 30
1758 29
1759 28
1760 28
1761 30
1762 29
1763 28
1764 31
1765 31
1766 30
1767 29
1768 30
1769 30
1770 30
1771 29
1772 29
1773 30
1774 29
1775 28
1776 28
1777 30
1778 29
1779 28
1780 31
1781 31
1782 30
1783 29
1784 30
1785 30
1786 30
1787 29
1788 28
1789 30
1790 29
1791 28
1792 16
1793 31
1794 30
1795 28
1796 31
1797 31
1798 30
1799 30
1800 31
1801 31
1802 30
1803 29
1804 29
1805 30
1806 30
1807 28
1808 29
1809 30
1810 30
1811 28
1812 31
1813 31
1814 30
1815 30
1816 30
1817 30
1818 30
1819 29
1820 29
1821 30
1822 30
1823 28
1824 31
1825 31
1826 30
1827 28
1828 31
1829 31
1830 30
1831 30
1832 31
1833 30
1834 30
1835 29
1836 30
1837 30
1838 29
1839 28
1840 30
1841 30
1842 29
1843 28
1844 31
1845 31
1846 30
1847 29
1848 30
1849 30
1850 30
1851 29
1852 29
1853 30
1854 29
1855 28
1856 31
1857 31
1858 30
1859 28
1860 31
1861 31
1862 30
1863 30
1864 31
1865 31
1866 30
1867 29
1868 29
1869 30
1870 30
1871 28
1872 29
1873 30
1874 30
1875 28
1876 31
1877 31
1878 30
1879 30
1880 30
1881 30
1882 30
1883 29
1884 29
1885 30
1886 29
1887 28
1888 28
1889 31
1890 30
1891 28
1892 31
1893 31
1894 30
1895 30
1896 30
1897 31
1898 30
1899 29
1900 29
1901 30
1902 30
1903 29
1904 28
1905 30
1906 30
1907 28
1908 31
1909 31
1910 30
1911 30
1912 30
1913 31
1914 30
1915 29
1916 29
1917 30
1918 30
1919 29
1920 16
1921 31
1922 30
1923 29
1924 31
1925 31
1926 31
1927 30
1928 31
1929 31
1930 30
1931 30
1932 30
1933 31
1934 30
1935 29
1936 29
1937 31
1938 30
1939 29
1940 31
1941 31
1942 31
1943 30
1944 31
1945 31
1946 30
1947 30
1948 30
1949 30
1950 30
1951 29
1952 31
1953 31
1954 30
1955 29
1956 31
1957 31
1958 31
1959 30
1960 31
1961 31
1962 30
1963 30
1964 30
1965 30
1966 30
1967 29
1968 30
1969 31
1970 30
1971 29
1972 31
1973 31
1974 30
1975 30
1976 31
1977 31
1978 30
1979 29
1980 30
1981 30
1982 30
1983 29
1984 31
1985 31
1986 30
1987 29
1988 31
1989 31
1990 31
1991 30
1992 31
1993 31
1994 30
1995 30
1996 30
1997 30
1998 30
1999 29
2000 30
2001 31
2002 30
2003 29
2004 31
2005 31
2006 31
2007 30
2008 31
2009 31
2010 30
2011 30
2012 30
2013 30
2014 30
2015 29
2016 28
2017 31
2018 30
2019 29
2020 31
2021 31
2022 31
2023 30
2024 31
2025 31
2026 30
2027 30
2028 30
2029 31
2030 30
2031 29
2032 29
2033 31
2034 30
2035 29
2036 31
2037 31
2038 31
2039 30
2040 31
2041 31
2042 30
2043 30
2044 30
2045 31
2046 30
2047 29
