#CSC Slope LUT
#Structure is comparator code (iCC) -> Stub slope
#iCC bits: 12
#<header> v1.0 12 32 </header>
0 0
1 0
2 0
3 0
4 0
5 0
6 0
7 0
8 0
9 0
10 0
11 0
12 0
13 0
14 0
15 0
16 0
17 0
18 0
19 0
20 0
21 -0.5
22 -1
23 -1.5
24 0
25 -0.5
26 -1
27 -1.5
28 0
29 -0.5
30 -1
31 -1.5
32 0
33 0
34 0
35 0
36 0
37 -0.642857
38 -0.928571
39 -1.21429
40 0
41 -0.714286
42 -1
43 -1.28571
44 0
45 -0.785714
46 -1.07143
47 -1.35714
48 0
49 -0.642857
50 -1
51 -1.35714
52 -0.5
53 -0.6
54 -0.9
55 -1.2
56 -1
57 -0.7
58 -1
59 -1.3
60 -1.5
61 -0.8
62 -1.1
63 -1.4
64 0
65 0
66 0
67 0
68 0
69 -0.285714
70 -0.571429
71 -0.857143
72 0
73 -0.357143
74 -0.642857
75 -0.928571
76 0
77 -0.428571
78 -0.714286
79 -1
80 0
81 -0.357143
82 -0.714286
83 -1.07143
84 -3.95833e-13
85 -0.3
86 -0.6
87 -0.9
88 -0.5
89 -0.4
90 -0.7
91 -1
92 -1
93 -0.5
94 -0.8
95 -1.1
96 0
97 0
98 0
99 0
100 0
101 0.0714286
102 -0.214286
103 -0.5
104 0
105 1.24789e-13
106 -0.285714
107 -0.571429
108 0
109 -0.0714286
110 -0.357143
111 -0.642857
112 0
113 -0.0714286
114 -0.428571
115 -0.785714
116 0.5
117 -6.55032e-14
118 -0.3
119 -0.6
120 0
121 -0.1
122 -0.4
123 -0.7
124 -0.5
125 -0.2
126 -0.5
127 -0.8
128 0
129 0
130 0
131 0
132 0
133 -0.730769
134 -0.923077
135 -1.11538
136 0
137 -0.807692
138 -1
139 -1.19231
140 0
141 -0.884615
142 -1.07692
143 -1.26923
144 0
145 -0.75
146 -1
147 -1.25
148 -0.714282
149 -0.714286
150 -0.914286
151 -1.11429
152 -1
153 -0.8
154 -1
155 -1.2
156 -1.28571
157 -0.885714
158 -1.08571
159 -1.28571
160 0
161 -0.730769
162 -1
163 -1.26923
164 -0.642857
165 -0.7
166 -0.9
167 -1.1
168 -1
169 -0.8
170 -1
171 -1.2
172 -1.35714
173 -0.9
174 -1.1
175 -1.3
176 -1
177 -0.742857
178 -1
179 -1.25714
180 -0.7
181 -0.7
182 -0.9
183 -1.1
184 -1
185 -0.8
186 -1
187 -1.2
188 -1.3
189 -0.9
190 -1.1
191 -1.3
192 0
193 -0.653846
194 -0.923077
195 -1.19231
196 -0.571429
197 -0.6
198 -0.8
199 -1
200 -0.928571
201 -0.7
202 -0.9
203 -1.1
204 -1.28571
205 -0.8
206 -1
207 -1.2
208 -1
209 -0.657143
210 -0.914286
211 -1.17143
212 -0.6
213 -0.6
214 -0.8
215 -1
216 -0.9
217 -0.7
218 -0.9
219 -1.1
220 -1.2
221 -0.8
222 -1
223 -1.2
224 0
225 -0.576923
226 -0.846153
227 -1.11538
228 -0.5
229 -0.5
230 -0.7
231 -0.9
232 -0.857143
233 -0.6
234 -0.8
235 -1
236 -1.21429
237 -0.7
238 -0.9
239 -1.1
240 -1
241 -0.571429
242 -0.828571
243 -1.08571
244 -0.5
245 -0.5
246 -0.7
247 -0.9
248 -0.8
249 -0.6
250 -0.8
251 -1
252 -1.1
253 -0.7
254 -0.9
255 -1.1
256 0
257 0
258 0
259 0
260 0
261 -0.461538
262 -0.653846
263 -0.846154
264 0
265 -0.538462
266 -0.730769
267 -0.923077
268 0
269 -0.615385
270 -0.807692
271 -1
272 0
273 -0.5
274 -0.75
275 -1
276 -0.357143
277 -0.457143
278 -0.657143
279 -0.857143
280 -0.642857
281 -0.542857
282 -0.742857
283 -0.942857
284 -0.92857
285 -0.628571
286 -0.828571
287 -1.02857
288 0
289 -0.538462
290 -0.807692
291 -1.07692
292 -0.357143
293 -0.5
294 -0.7
295 -0.9
296 -0.714286
297 -0.6
298 -0.8
299 -1
300 -1.07143
301 -0.7
302 -0.9
303 -1.1
304 -0.5
305 -0.542857
306 -0.8
307 -1.05714
308 -0.4
309 -0.5
310 -0.7
311 -0.9
312 -0.7
313 -0.6
314 -0.8
315 -1
316 -1
317 -0.7
318 -0.9
319 -1.1
320 0
321 -0.461538
322 -0.730769
323 -1
324 -0.285714
325 -0.4
326 -0.6
327 -0.8
328 -0.642857
329 -0.5
330 -0.7
331 -0.9
332 -1
333 -0.6
334 -0.8
335 -1
336 -0.5
337 -0.457143
338 -0.714286
339 -0.971429
340 -0.3
341 -0.4
342 -0.6
343 -0.8
344 -0.6
345 -0.5
346 -0.7
347 -0.9
348 -0.9
349 -0.6
350 -0.8
351 -1
352 0
353 -0.384614
354 -0.653846
355 -0.923077
356 -0.214286
357 -0.3
358 -0.5
359 -0.7
360 -0.571429
361 -0.4
362 -0.6
363 -0.8
364 -0.928571
365 -0.5
366 -0.7
367 -0.9
368 -0.5
369 -0.371428
370 -0.628571
371 -0.885714
372 -0.2
373 -0.3
374 -0.5
375 -0.7
376 -0.5
377 -0.4
378 -0.6
379 -0.8
380 -0.8
381 -0.5
382 -0.7
383 -0.9
384 0
385 0
386 0
387 0
388 0
389 -0.192308
390 -0.384615
391 -0.576923
392 0
393 -0.269231
394 -0.461538
395 -0.653846
396 0
397 -0.346154
398 -0.538462
399 -0.730769
400 0
401 -0.25
402 -0.5
403 -0.75
404 3.4861e-14
405 -0.2
406 -0.4
407 -0.6
408 -0.285714
409 -0.285714
410 -0.485714
411 -0.685714
412 -0.571429
413 -0.371429
414 -0.571429
415 -0.771429
416 0
417 -0.346152
418 -0.615385
419 -0.884615
420 -0.0714286
421 -0.3
422 -0.5
423 -0.7
424 -0.428571
425 -0.4
426 -0.6
427 -0.8
428 -0.785714
429 -0.5
430 -0.7
431 -0.9
432 4.25704e-12
433 -0.342856
434 -0.6
435 -0.857143
436 -0.1
437 -0.3
438 -0.5
439 -0.7
440 -0.4
441 -0.4
442 -0.6
443 -0.8
444 -0.7
445 -0.5
446 -0.7
447 -0.9
448 0
449 -0.269231
450 -0.538461
451 -0.807692
452 1.75415e-13
453 -0.2
454 -0.4
455 -0.6
456 -0.357143
457 -0.3
458 -0.5
459 -0.7
460 -0.714286
461 -0.4
462 -0.6
463 -0.8
464 1.78479e-12
465 -0.257139
466 -0.514286
467 -0.771429
468 -2.01172e-13
469 -0.2
470 -0.4
471 -0.6
472 -0.3
473 -0.3
474 -0.5
475 -0.7
476 -0.6
477 -0.4
478 -0.6
479 -0.8
480 0
481 -0.192308
482 -0.461537
483 -0.730769
484 0.0714286
485 -0.1
486 -0.3
487 -0.5
488 -0.285714
489 -0.2
490 -0.4
491 -0.6
492 -0.642857
493 -0.3
494 -0.5
495 -0.7
496 4.5457e-12
497 -0.171429
498 -0.428571
499 -0.685714
500 0.1
501 -0.1
502 -0.3
503 -0.5
504 -0.2
505 -0.2
506 -0.4
507 -0.6
508 -0.5
509 -0.3
510 -0.5
511 -0.7
512 0
513 0
514 0
515 0
516 0
517 -0.785714
518 -0.928571
519 -1.07143
520 0
521 -0.857143
522 -1
523 -1.14286
524 0
525 -0.928571
526 -1.07143
527 -1.21429
528 0
529 -0.815789
530 -1
531 -1.18421
532 -0.807692
533 -0.785714
534 -0.928571
535 -1.07143
536 -1
537 -0.857143
538 -1
539 -1.14286
540 -1.19231
541 -0.928571
542 -1.07143
543 -1.21429
544 0
545 -0.789468
546 -1
547 -1.21053
548 -0.75
549 -0.762712
550 -0.915254
551 -1.0678
552 -1
553 -0.847458
554 -1
555 -1.15254
556 -1.25
557 -0.932203
558 -1.08475
559 -1.23729
560 -1
561 -0.807691
562 -1
563 -1.19231
564 -0.8
565 -0.770269
566 -0.918919
567 -1.06757
568 -1
569 -0.851348
570 -1
571 -1.14865
572 -1.2
573 -0.932432
574 -1.08108
575 -1.22973
576 0
577 -0.763157
578 -0.973684
579 -1.18421
580 -0.75
581 -0.711863
582 -0.864407
583 -1.01695
584 -1
585 -0.796608
586 -0.949153
587 -1.10169
588 -1.25
589 -0.881356
590 -1.0339
591 -1.18644
592 -1.07143
593 -0.769231
594 -0.961535
595 -1.15385
596 -0.771429
597 -0.716216
598 -0.864863
599 -1.01351
600 -0.971429
601 -0.797296
602 -0.945942
603 -1.09459
604 -1.17143
605 -0.878376
606 -1.02703
607 -1.17568
608 0
609 -0.736842
610 -0.947365
611 -1.15789
612 -0.75
613 -0.661017
614 -0.813558
615 -0.966102
616 -1
617 -0.745762
618 -0.898305
619 -1.05085
620 -1.25
621 -0.830507
622 -0.983051
623 -1.13559
624 -1.14286
625 -0.730769
626 -0.923076
627 -1.11538
628 -0.742857
629 -0.662162
630 -0.81081
631 -0.959456
632 -0.942857
633 -0.743243
634 -0.89189
635 -1.04054
636 -1.14286
637 -0.824324
638 -0.97297
639 -1.12162
640 0
641 -0.785714
642 -1
643 -1.21429
644 -0.730769
645 -0.764706
646 -0.911765
647 -1.05882
648 -1
649 -0.852941
650 -1
651 -1.14706
652 -1.26923
653 -0.941176
654 -1.08824
655 -1.23529
656 -1
657 -0.813559
658 -1
659 -1.18644
660 -0.8
661 -0.77907
662 -0.918605
663 -1.05814
664 -1
665 -0.860465
666 -1
667 -1.13953
668 -1.2
669 -0.94186
670 -1.0814
671 -1.22093
672 -1
673 -0.785714
674 -1
675 -1.21429
676 -0.742857
677 -0.755814
678 -0.906977
679 -1.05814
680 -1
681 -0.848836
682 -1
683 -1.15116
684 -1.25714
685 -0.94186
686 -1.09302
687 -1.24419
688 -1
689 -0.810811
690 -1
691 -1.18919
692 -0.8
693 -0.771429
694 -0.914283
695 -1.05714
696 -1
697 -0.857142
698 -1
699 -1.14286
700 -1.2
701 -0.942855
702 -1.08571
703 -1.22857
704 -1.5
705 -0.785714
706 -1
707 -1.21429
708 -0.771429
709 -0.732558
710 -0.88372
711 -1.03488
712 -1.02857
713 -0.825581
714 -0.976744
715 -1.12791
716 -1.28571
717 -0.918604
718 -1.06977
719 -1.22093
720 -1.1
721 -0.797297
722 -0.986486
723 -1.17567
724 -0.8
725 -0.742857
726 -0.885714
727 -1.02857
728 -1
729 -0.828571
730 -0.971427
731 -1.11429
732 -1.2
733 -0.914285
734 -1.05714
735 -1.2
736 -2
737 -0.785714
738 -1
739 -1.21429
740 -0.8
741 -0.709302
742 -0.860465
743 -1.01162
744 -1.05714
745 -0.802326
746 -0.953487
747 -1.10465
748 -1.31429
749 -0.895349
750 -1.04651
751 -1.19767
752 -1.2
753 -0.783784
754 -0.972973
755 -1.16216
756 -0.8
757 -0.714286
758 -0.857143
759 -0.999998
760 -1
761 -0.8
762 -0.942857
763 -1.08571
764 -1.2
765 -0.885714
766 -1.02857
767 -1.17143
768 0
769 -0.714286
770 -0.928571
771 -1.14286
772 -0.653846
773 -0.676469
774 -0.823529
775 -0.970588
776 -0.923077
777 -0.764706
778 -0.911765
779 -1.05882
780 -1.19231
781 -0.852941
782 -1
783 -1.14706
784 -0.928571
785 -0.728814
786 -0.915254
787 -1.10169
788 -0.7
789 -0.686046
790 -0.825581
791 -0.965116
792 -0.9
793 -0.767441
794 -0.906977
795 -1.04651
796 -1.1
797 -0.848837
798 -0.988372
799 -1.12791
800 -1
801 -0.714286
802 -0.928571
803 -1.14286
804 -0.657143
805 -0.674418
806 -0.825581
807 -0.976744
808 -0.914286
809 -0.767442
810 -0.918604
811 -1.06977
812 -1.17143
813 -0.860465
814 -1.01162
815 -1.16279
816 -0.9
817 -0.72973
818 -0.918919
819 -1.10811
820 -0.7
821 -0.685714
822 -0.828571
823 -0.971427
824 -0.9
825 -0.771429
826 -0.914285
827 -1.05714
828 -1.1
829 -0.857143
830 -0.999998
831 -1.14286
832 -1.5
833 -0.714286
834 -0.928571
835 -1.14286
836 -0.685714
837 -0.65116
838 -0.802326
839 -0.953487
840 -0.942857
841 -0.744186
842 -0.895349
843 -1.04651
844 -1.2
845 -0.837209
846 -0.988371
847 -1.13953
848 -1
849 -0.716216
850 -0.905405
851 -1.09459
852 -0.7
853 -0.657142
854 -0.8
855 -0.942857
856 -0.9
857 -0.742857
858 -0.885714
859 -1.02857
860 -1.1
861 -0.828571
862 -0.971428
863 -1.11428
864 -2
865 -0.714286
866 -0.928571
867 -1.14286
868 -0.714286
869 -0.627907
870 -0.77907
871 -0.930232
872 -0.971429
873 -0.720928
874 -0.872093
875 -1.02325
876 -1.22857
877 -0.813953
878 -0.965116
879 -1.11628
880 -1.1
881 -0.702703
882 -0.891892
883 -1.08108
884 -0.7
885 -0.628571
886 -0.771429
887 -0.914286
888 -0.9
889 -0.714285
890 -0.857143
891 -1
892 -1.1
893 -0.8
894 -0.942857
895 -1.08571
896 0
897 -0.642857
898 -0.857143
899 -1.07143
900 -0.576923
901 -0.588235
902 -0.735293
903 -0.882353
904 -0.846154
905 -0.67647
906 -0.823527
907 -0.970588
908 -1.11538
909 -0.764705
910 -0.911765
911 -1.05882
912 -0.857143
913 -0.644068
914 -0.830508
915 -1.01695
916 -0.6
917 -0.593023
918 -0.732558
919 -0.872092
920 -0.8
921 -0.674419
922 -0.813953
923 -0.953488
924 -1
925 -0.755814
926 -0.895348
927 -1.03488
928 -1
929 -0.642857
930 -0.857143
931 -1.07143
932 -0.571429
933 -0.593023
934 -0.744186
935 -0.895349
936 -0.828571
937 -0.686044
938 -0.837209
939 -0.988371
940 -1.08571
941 -0.77907
942 -0.930232
943 -1.08139
944 -0.8
945 -0.648649
946 -0.837838
947 -1.02703
948 -0.6
949 -0.6
950 -0.742857
951 -0.885714
952 -0.8
953 -0.685713
954 -0.828571
955 -0.971428
956 -1
957 -0.771429
958 -0.914286
959 -1.05714
960 -1.5
961 -0.642857
962 -0.857143
963 -1.07143
964 -0.6
965 -0.569767
966 -0.720928
967 -0.872093
968 -0.857143
969 -0.662791
970 -0.813953
971 -0.965116
972 -1.11429
973 -0.755812
974 -0.906977
975 -1.05814
976 -0.9
977 -0.635135
978 -0.824324
979 -1.01351
980 -0.6
981 -0.571429
982 -0.714285
983 -0.857143
984 -0.8
985 -0.657143
986 -0.8
987 -0.942857
988 -1
989 -0.742856
990 -0.885714
991 -1.02857
992 -2
993 -0.642857
994 -0.857143
995 -1.07143
996 -0.628571
997 -0.546512
998 -0.697674
999 -0.848837
1000 -0.885714
1001 -0.639535
1002 -0.790696
1003 -0.94186
1004 -1.14286
1005 -0.732558
1006 -0.883721
1007 -1.03488
1008 -1
1009 -0.621622
1010 -0.810811
1011 -1
1012 -0.6
1013 -0.542857
1014 -0.685714
1015 -0.828571
1016 -0.8
1017 -0.628571
1018 -0.771428
1019 -0.914286
1020 -1
1021 -0.714282
1022 -0.857143
1023 -1
1024 0
1025 0
1026 0
1027 0
1028 0
1029 -0.571429
1030 -0.714286
1031 -0.857143
1032 0
1033 -0.642857
1034 -0.785714
1035 -0.928571
1036 0
1037 -0.714286
1038 -0.857143
1039 -1
1040 0
1041 -0.605263
1042 -0.789474
1043 -0.973684
1044 -0.538462
1045 -0.571429
1046 -0.714286
1047 -0.857143
1048 -0.730769
1049 -0.642857
1050 -0.785714
1051 -0.928571
1052 -0.923077
1053 -0.714286
1054 -0.857143
1055 -1
1056 0
1057 -0.605262
1058 -0.815789
1059 -1.02632
1060 -0.5
1061 -0.576271
1062 -0.728813
1063 -0.881356
1064 -0.75
1065 -0.661017
1066 -0.813558
1067 -0.966102
1068 -1
1069 -0.745762
1070 -0.898305
1071 -1.05085
1072 -0.642857
1073 -0.615384
1074 -0.807692
1075 -0.999997
1076 -0.542857
1077 -0.581081
1078 -0.729729
1079 -0.878376
1080 -0.742857
1081 -0.662162
1082 -0.81081
1083 -0.959456
1084 -0.942857
1085 -0.743243
1086 -0.89189
1087 -1.04054
1088 0
1089 -0.578947
1090 -0.789474
1091 -0.999997
1092 -0.5
1093 -0.525424
1094 -0.677966
1095 -0.830507
1096 -0.75
1097 -0.610169
1098 -0.762711
1099 -0.915252
1100 -1
1101 -0.694915
1102 -0.847457
1103 -1
1104 -0.714286
1105 -0.57692
1106 -0.769231
1107 -0.961538
1108 -0.514286
1109 -0.527027
1110 -0.675676
1111 -0.824324
1112 -0.714286
1113 -0.608108
1114 -0.756757
1115 -0.905404
1116 -0.914286
1117 -0.689189
1118 -0.837837
1119 -0.986484
1120 0
1121 -0.552632
1122 -0.763158
1123 -0.973684
1124 -0.5
1125 -0.474576
1126 -0.627119
1127 -0.779661
1128 -0.75
1129 -0.559322
1130 -0.711864
1131 -0.864406
1132 -1
1133 -0.644068
1134 -0.79661
1135 -0.949151
1136 -0.785714
1137 -0.538462
1138 -0.730769
1139 -0.923077
1140 -0.485714
1141 -0.472973
1142 -0.621622
1143 -0.77027
1144 -0.685714
1145 -0.554054
1146 -0.702703
1147 -0.851351
1148 -0.885714
1149 -0.635135
1150 -0.783784
1151 -0.932432
1152 0
1153 -0.642857
1154 -0.85714
1155 -1.07143
1156 -0.538462
1157 -0.617647
1158 -0.764706
1159 -0.911765
1160 -0.807692
1161 -0.705881
1162 -0.852941
1163 -1
1164 -1.07692
1165 -0.794116
1166 -0.941176
1167 -1.08824
1168 -0.714286
1169 -0.661017
1170 -0.847457
1171 -1.0339
1172 -0.6
1173 -0.627907
1174 -0.767441
1175 -0.906977
1176 -0.8
1177 -0.709302
1178 -0.848837
1179 -0.988372
1180 -1
1181 -0.790697
1182 -0.930233
1183 -1.06977
1184 -0.5
1185 -0.642857
1186 -0.857143
1187 -1.07143
1188 -0.542857
1189 -0.616276
1190 -0.767442
1191 -0.918604
1192 -0.8
1193 -0.709302
1194 -0.860465
1195 -1.01162
1196 -1.05714
1197 -0.802326
1198 -0.953487
1199 -1.10465
1200 -0.7
1201 -0.662162
1202 -0.851351
1203 -1.04054
1204 -0.6
1205 -0.62857
1206 -0.771429
1207 -0.914285
1208 -0.8
1209 -0.714286
1210 -0.857143
1211 -0.999998
1212 -1
1213 -0.8
1214 -0.942857
1215 -1.08571
1216 -1
1217 -0.642857
1218 -0.857143
1219 -1.07143
1220 -0.571429
1221 -0.593023
1222 -0.744186
1223 -0.895349
1224 -0.828571
1225 -0.686044
1226 -0.837209
1227 -0.988371
1228 -1.08571
1229 -0.77907
1230 -0.930232
1231 -1.08139
1232 -0.8
1233 -0.648649
1234 -0.837838
1235 -1.02703
1236 -0.6
1237 -0.6
1238 -0.742857
1239 -0.885714
1240 -0.8
1241 -0.685713
1242 -0.828571
1243 -0.971428
1244 -1
1245 -0.771429
1246 -0.914286
1247 -1.05714
1248 -1.5
1249 -0.642857
1250 -0.857143
1251 -1.07143
1252 -0.6
1253 -0.569767
1254 -0.720928
1255 -0.872093
1256 -0.857143
1257 -0.662791
1258 -0.813953
1259 -0.965116
1260 -1.11429
1261 -0.755812
1262 -0.906977
1263 -1.05814
1264 -0.9
1265 -0.635135
1266 -0.824324
1267 -1.01351
1268 -0.6
1269 -0.571429
1270 -0.714285
1271 -0.857143
1272 -0.8
1273 -0.657143
1274 -0.8
1275 -0.942857
1276 -1
1277 -0.742856
1278 -0.885714
1279 -1.02857
1280 0
1281 -0.571429
1282 -0.785714
1283 -0.999998
1284 -0.461538
1285 -0.529412
1286 -0.67647
1287 -0.823527
1288 -0.730769
1289 -0.617647
1290 -0.764705
1291 -0.911765
1292 -1
1293 -0.705882
1294 -0.852939
1295 -1
1296 -0.642857
1297 -0.576271
1298 -0.762712
1299 -0.949152
1300 -0.5
1301 -0.534884
1302 -0.674419
1303 -0.813953
1304 -0.7
1305 -0.616279
1306 -0.755814
1307 -0.895348
1308 -0.9
1309 -0.697674
1310 -0.837209
1311 -0.976744
1312 -0.5
1313 -0.571429
1314 -0.785714
1315 -1
1316 -0.457143
1317 -0.534884
1318 -0.686044
1319 -0.837209
1320 -0.714286
1321 -0.627907
1322 -0.77907
1323 -0.930232
1324 -0.971429
1325 -0.720928
1326 -0.872093
1327 -1.02325
1328 -0.6
1329 -0.581081
1330 -0.77027
1331 -0.959459
1332 -0.5
1333 -0.542857
1334 -0.685713
1335 -0.828571
1336 -0.7
1337 -0.628571
1338 -0.771429
1339 -0.914286
1340 -0.9
1341 -0.714285
1342 -0.857143
1343 -1
1344 -1
1345 -0.571429
1346 -0.785714
1347 -1
1348 -0.485714
1349 -0.511628
1350 -0.662791
1351 -0.813953
1352 -0.742857
1353 -0.604651
1354 -0.755812
1355 -0.906977
1356 -1
1357 -0.697674
1358 -0.848837
1359 -1
1360 -0.7
1361 -0.567568
1362 -0.756757
1363 -0.945946
1364 -0.5
1365 -0.514286
1366 -0.657143
1367 -0.8
1368 -0.7
1369 -0.6
1370 -0.742856
1371 -0.885714
1372 -0.9
1373 -0.685714
1374 -0.828571
1375 -0.971429
1376 -1.5
1377 -0.571429
1378 -0.785714
1379 -1
1380 -0.514286
1381 -0.488372
1382 -0.639535
1383 -0.790696
1384 -0.771429
1385 -0.581395
1386 -0.732558
1387 -0.883721
1388 -1.02857
1389 -0.674419
1390 -0.82558
1391 -0.976744
1392 -0.8
1393 -0.554054
1394 -0.743243
1395 -0.932432
1396 -0.5
1397 -0.485714
1398 -0.628571
1399 -0.771428
1400 -0.7
1401 -0.571429
1402 -0.714282
1403 -0.857143
1404 -0.9
1405 -0.657143
1406 -0.799999
1407 -0.942857
1408 0
1409 -0.5
1410 -0.714286
1411 -0.928571
1412 -0.384615
1413 -0.441176
1414 -0.588235
1415 -0.735294
1416 -0.653846
1417 -0.529412
1418 -0.676471
1419 -0.823529
1420 -0.923077
1421 -0.617647
1422 -0.764706
1423 -0.911763
1424 -0.571429
1425 -0.491525
1426 -0.677966
1427 -0.864407
1428 -0.4
1429 -0.44186
1430 -0.581395
1431 -0.72093
1432 -0.6
1433 -0.523256
1434 -0.662791
1435 -0.802325
1436 -0.8
1437 -0.604651
1438 -0.744186
1439 -0.88372
1440 -0.5
1441 -0.5
1442 -0.714286
1443 -0.928571
1444 -0.371429
1445 -0.453488
1446 -0.604651
1447 -0.755812
1448 -0.628571
1449 -0.546512
1450 -0.697674
1451 -0.848837
1452 -0.885714
1453 -0.639535
1454 -0.790696
1455 -0.94186
1456 -0.5
1457 -0.5
1458 -0.689189
1459 -0.878378
1460 -0.4
1461 -0.457143
1462 -0.6
1463 -0.742856
1464 -0.6
1465 -0.542857
1466 -0.685714
1467 -0.828571
1468 -0.8
1469 -0.628571
1470 -0.771428
1471 -0.914286
1472 -1
1473 -0.5
1474 -0.714286
1475 -0.928571
1476 -0.4
1477 -0.430233
1478 -0.581395
1479 -0.732558
1480 -0.657143
1481 -0.523256
1482 -0.674419
1483 -0.82558
1484 -0.914286
1485 -0.616279
1486 -0.767442
1487 -0.918605
1488 -0.6
1489 -0.486486
1490 -0.675676
1491 -0.864865
1492 -0.4
1493 -0.428571
1494 -0.571429
1495 -0.714282
1496 -0.6
1497 -0.514286
1498 -0.657143
1499 -0.799999
1500 -0.8
1501 -0.6
1502 -0.742854
1503 -0.885714
1504 -1.5
1505 -0.5
1506 -0.714286
1507 -0.928571
1508 -0.428571
1509 -0.406977
1510 -0.55814
1511 -0.709302
1512 -0.685714
1513 -0.5
1514 -0.651163
1515 -0.802326
1516 -0.942857
1517 -0.593023
1518 -0.744186
1519 -0.895348
1520 -0.7
1521 -0.472973
1522 -0.662162
1523 -0.851351
1524 -0.4
1525 -0.4
1526 -0.542857
1527 -0.685714
1528 -0.6
1529 -0.485714
1530 -0.628571
1531 -0.771426
1532 -0.8
1533 -0.571429
1534 -0.714286
1535 -0.857142
1536 0
1537 0
1538 0
1539 0
1540 0
1541 -0.357143
1542 -0.5
1543 -0.642857
1544 0
1545 -0.428571
1546 -0.571429
1547 -0.714286
1548 0
1549 -0.5
1550 -0.642857
1551 -0.785714
1552 0
1553 -0.394737
1554 -0.578947
1555 -0.763158
1556 -0.269231
1557 -0.357143
1558 -0.5
1559 -0.642857
1560 -0.461538
1561 -0.428571
1562 -0.571429
1563 -0.714286
1564 -0.653846
1565 -0.5
1566 -0.642857
1567 -0.785714
1568 0
1569 -0.421053
1570 -0.631579
1571 -0.842105
1572 -0.25
1573 -0.38983
1574 -0.542373
1575 -0.694915
1576 -0.5
1577 -0.474576
1578 -0.627119
1579 -0.779661
1580 -0.75
1581 -0.559322
1582 -0.711864
1583 -0.864406
1584 -0.285714
1585 -0.423077
1586 -0.615382
1587 -0.807692
1588 -0.285714
1589 -0.391892
1590 -0.540541
1591 -0.689189
1592 -0.485714
1593 -0.472973
1594 -0.621622
1595 -0.77027
1596 -0.685714
1597 -0.554054
1598 -0.702703
1599 -0.851351
1600 0
1601 -0.394737
1602 -0.605263
1603 -0.815789
1604 -0.25
1605 -0.338983
1606 -0.491525
1607 -0.644068
1608 -0.5
1609 -0.423729
1610 -0.576271
1611 -0.728813
1612 -0.75
1613 -0.508475
1614 -0.661017
1615 -0.813559
1616 -0.357143
1617 -0.384615
1618 -0.576923
1619 -0.769231
1620 -0.257143
1621 -0.337838
1622 -0.486486
1623 -0.635135
1624 -0.457143
1625 -0.418919
1626 -0.567568
1627 -0.716216
1628 -0.657143
1629 -0.5
1630 -0.648649
1631 -0.797297
1632 0
1633 -0.368421
1634 -0.578947
1635 -0.789474
1636 -0.25
1637 -0.288136
1638 -0.440678
1639 -0.59322
1640 -0.5
1641 -0.372881
1642 -0.525424
1643 -0.677966
1644 -0.75
1645 -0.457627
1646 -0.610169
1647 -0.762712
1648 -0.428571
1649 -0.346154
1650 -0.538462
1651 -0.730768
1652 -0.228571
1653 -0.283784
1654 -0.432432
1655 -0.581081
1656 -0.428571
1657 -0.364865
1658 -0.513514
1659 -0.662162
1660 -0.628571
1661 -0.445946
1662 -0.594595
1663 -0.743243
1664 0
1665 -0.5
1666 -0.714286
1667 -0.928571
1668 -0.346154
1669 -0.470588
1670 -0.617647
1671 -0.764705
1672 -0.615385
1673 -0.558824
1674 -0.705882
1675 -0.852939
1676 -0.884615
1677 -0.647059
1678 -0.794117
1679 -0.941176
1680 -0.428571
1681 -0.508475
1682 -0.694915
1683 -0.881356
1684 -0.4
1685 -0.476744
1686 -0.616279
1687 -0.755814
1688 -0.6
1689 -0.55814
1690 -0.697674
1691 -0.837209
1692 -0.8
1693 -0.639535
1694 -0.779069
1695 -0.918603
1696 3.44613e-13
1697 -0.5
1698 -0.714286
1699 -0.928571
1700 -0.342857
1701 -0.476744
1702 -0.627907
1703 -0.77907
1704 -0.6
1705 -0.569767
1706 -0.720928
1707 -0.872093
1708 -0.857143
1709 -0.662791
1710 -0.813953
1711 -0.965116
1712 -0.4
1713 -0.513514
1714 -0.702703
1715 -0.891892
1716 -0.4
1717 -0.485714
1718 -0.628571
1719 -0.771429
1720 -0.6
1721 -0.571429
1722 -0.714285
1723 -0.857143
1724 -0.8
1725 -0.657143
1726 -0.8
1727 -0.942857
1728 -0.5
1729 -0.5
1730 -0.714286
1731 -0.928571
1732 -0.371429
1733 -0.453488
1734 -0.604651
1735 -0.755812
1736 -0.628571
1737 -0.546512
1738 -0.697674
1739 -0.848837
1740 -0.885714
1741 -0.639535
1742 -0.790696
1743 -0.94186
1744 -0.5
1745 -0.5
1746 -0.689189
1747 -0.878378
1748 -0.4
1749 -0.457143
1750 -0.6
1751 -0.742856
1752 -0.6
1753 -0.542857
1754 -0.685714
1755 -0.828571
1756 -0.8
1757 -0.628571
1758 -0.771428
1759 -0.914286
1760 -1
1761 -0.5
1762 -0.714286
1763 -0.928571
1764 -0.4
1765 -0.430233
1766 -0.581395
1767 -0.732558
1768 -0.657143
1769 -0.523256
1770 -0.674419
1771 -0.82558
1772 -0.914286
1773 -0.616279
1774 -0.767442
1775 -0.918605
1776 -0.6
1777 -0.486486
1778 -0.675676
1779 -0.864865
1780 -0.4
1781 -0.428571
1782 -0.571429
1783 -0.714282
1784 -0.6
1785 -0.514286
1786 -0.657143
1787 -0.799999
1788 -0.8
1789 -0.6
1790 -0.742854
1791 -0.885714
1792 0
1793 -0.428571
1794 -0.642857
1795 -0.857143
1796 -0.269231
1797 -0.382349
1798 -0.529412
1799 -0.676471
1800 -0.538462
1801 -0.470588
1802 -0.617647
1803 -0.764706
1804 -0.807692
1805 -0.558824
1806 -0.705882
1807 -0.85294
1808 -0.357143
1809 -0.423729
1810 -0.610169
1811 -0.79661
1812 -0.3
1813 -0.383719
1814 -0.523256
1815 -0.662791
1816 -0.5
1817 -0.465116
1818 -0.604651
1819 -0.744186
1820 -0.7
1821 -0.546512
1822 -0.686046
1823 -0.825581
1824 -9.14824e-14
1825 -0.428571
1826 -0.642857
1827 -0.857143
1828 -0.257143
1829 -0.395349
1830 -0.546512
1831 -0.697674
1832 -0.514286
1833 -0.488372
1834 -0.639535
1835 -0.790696
1836 -0.771429
1837 -0.581395
1838 -0.732558
1839 -0.883721
1840 -0.3
1841 -0.432432
1842 -0.621622
1843 -0.810811
1844 -0.3
1845 -0.4
1846 -0.542857
1847 -0.685714
1848 -0.5
1849 -0.485714
1850 -0.628571
1851 -0.771428
1852 -0.7
1853 -0.571429
1854 -0.714282
1855 -0.857143
1856 -0.5
1857 -0.428571
1858 -0.642857
1859 -0.857143
1860 -0.285714
1861 -0.372093
1862 -0.523256
1863 -0.674419
1864 -0.542857
1865 -0.465116
1866 -0.616279
1867 -0.767442
1868 -0.8
1869 -0.55814
1870 -0.709302
1871 -0.860464
1872 -0.4
1873 -0.418919
1874 -0.608108
1875 -0.797297
1876 -0.3
1877 -0.371429
1878 -0.514286
1879 -0.657143
1880 -0.5
1881 -0.457143
1882 -0.6
1883 -0.742854
1884 -0.7
1885 -0.542857
1886 -0.685714
1887 -0.828571
1888 -1
1889 -0.428571
1890 -0.642857
1891 -0.857143
1892 -0.314286
1893 -0.348837
1894 -0.5
1895 -0.651163
1896 -0.571429
1897 -0.44186
1898 -0.593023
1899 -0.744186
1900 -0.828571
1901 -0.534884
1902 -0.686047
1903 -0.837209
1904 -0.5
1905 -0.405405
1906 -0.594595
1907 -0.783784
1908 -0.3
1909 -0.342857
1910 -0.485714
1911 -0.628571
1912 -0.5
1913 -0.428571
1914 -0.571429
1915 -0.714286
1916 -0.7
1917 -0.514286
1918 -0.657143
1919 -0.799997
1920 0
1921 -0.357143
1922 -0.571429
1923 -0.785714
1924 -0.192308
1925 -0.294118
1926 -0.441174
1927 -0.588235
1928 -0.461538
1929 -0.382353
1930 -0.529411
1931 -0.676471
1932 -0.730769
1933 -0.470586
1934 -0.617647
1935 -0.764706
1936 -0.285714
1937 -0.338983
1938 -0.525424
1939 -0.711864
1940 -0.2
1941 -0.290698
1942 -0.430231
1943 -0.569767
1944 -0.4
1945 -0.372089
1946 -0.511628
1947 -0.651163
1948 -0.6
1949 -0.453487
1950 -0.593023
1951 -0.732558
1952 2.00506e-13
1953 -0.357143
1954 -0.571429
1955 -0.785714
1956 -0.171429
1957 -0.313953
1958 -0.465116
1959 -0.616279
1960 -0.428571
1961 -0.406977
1962 -0.55814
1963 -0.709302
1964 -0.685714
1965 -0.5
1966 -0.651163
1967 -0.802326
1968 -0.2
1969 -0.351351
1970 -0.540541
1971 -0.72973
1972 -0.2
1973 -0.314286
1974 -0.457143
1975 -0.6
1976 -0.4
1977 -0.4
1978 -0.542857
1979 -0.685714
1980 -0.6
1981 -0.485714
1982 -0.628571
1983 -0.771426
1984 -0.5
1985 -0.357143
1986 -0.571429
1987 -0.785714
1988 -0.2
1989 -0.290698
1990 -0.44186
1991 -0.593023
1992 -0.457143
1993 -0.383721
1994 -0.534884
1995 -0.686047
1996 -0.714286
1997 -0.476744
1998 -0.627907
1999 -0.77907
2000 -0.3
2001 -0.337838
2002 -0.527027
2003 -0.716216
2004 -0.2
2005 -0.285714
2006 -0.428571
2007 -0.571429
2008 -0.4
2009 -0.371429
2010 -0.514286
2011 -0.657143
2012 -0.6
2013 -0.457143
2014 -0.6
2015 -0.742857
2016 -1
2017 -0.357143
2018 -0.571429
2019 -0.785714
2020 -0.228571
2021 -0.267442
2022 -0.418605
2023 -0.569767
2024 -0.485714
2025 -0.360465
2026 -0.511628
2027 -0.662791
2028 -0.742857
2029 -0.453488
2030 -0.604651
2031 -0.755814
2032 -0.4
2033 -0.324324
2034 -0.513514
2035 -0.702703
2036 -0.2
2037 -0.257143
2038 -0.4
2039 -0.542857
2040 -0.4
2041 -0.342857
2042 -0.485714
2043 -0.628571
2044 -0.6
2045 -0.428571
2046 -0.571429
2047 -0.714286
