#CSC Position Offset LUT
#Structure is comparator code (iCC) -> Stub position offset
#iCC bits: 12
#<header> v1.0 12 32 </header>
0 0
1 0
2 0
3 0
4 0
5 0
6 0
7 0
8 0
9 0
10 0
11 0
12 0
13 0
14 0
15 0
16 0
17 0
18 0
19 0
20 0
21 -0.166667
22 -0.333333
23 -0.5
24 0
25 0.166667
26 -7.66409e-12
27 -0.166667
28 0
29 0.5
30 0.333333
31 0.166667
32 0
33 0
34 0
35 0
36 0
37 -1.57143
38 -1.42857
39 -1.28571
40 0
41 -1.28571
42 -1.14286
43 -1
44 0
45 -1
46 -0.857143
47 -0.714286
48 0
49 -1.07143
50 -0.857143
51 -0.642857
52 -1
53 -1.1
54 -1
55 -0.9
56 -0.666667
57 -0.9
58 -0.8
59 -0.7
60 -0.333333
61 -0.7
62 -0.6
63 -0.5
64 0
65 0
66 0
67 0
68 0
69 -1
70 -0.857143
71 -0.714286
72 0
73 -0.714286
74 -0.571429
75 -0.428571
76 0
77 -0.428571
78 -0.285714
79 -0.142857
80 0
81 -0.642831
82 -0.428632
83 -0.214286
84 -0.666667
85 -0.7
86 -0.6
87 -0.5
88 -0.333333
89 -0.5
90 -0.4
91 -0.3
92 -6.48931e-09
93 -0.3
94 -0.2
95 -0.1
96 0
97 0
98 0
99 0
100 0
101 -0.428571
102 -0.285714
103 -0.142857
104 0
105 -0.142857
106 -5.32019e-13
107 0.142857
108 0
109 0.142857
110 0.285714
111 0.428571
112 0
113 -0.214286
114 4.76437e-11
115 0.214286
116 -0.333333
117 -0.3
118 -0.2
119 -0.1
120 1.75126e-09
121 -0.1
122 2.78e-13
123 0.1
124 0.333333
125 0.1
126 0.2
127 0.3
128 0
129 0
130 0
131 0
132 0
133 -1.42308
134 -1.15384
135 -0.884622
136 0
137 -1.11538
138 -0.846154
139 -0.576981
140 0
141 -0.80769
142 -0.538467
143 -0.269231
144 0
145 -1
146 -0.666667
147 -0.333333
148 -0.857143
149 -1.05714
150 -0.857142
151 -0.657145
152 -0.428571
153 -0.828569
154 -0.628571
155 -0.428588
156 -4.34319e-13
157 -0.599999
158 -0.400002
159 -0.20006
160 0
161 -1.57692
162 -1.15385
163 -0.730769
164 -1.42857
165 -1.5
166 -1.25
167 -1
168 -0.857143
169 -1.25
170 -1
171 -0.75
172 -0.285714
173 -1
174 -0.75
175 -0.5
176 -0.333333
177 -1.17143
178 -0.857143
179 -0.542857
180 -1
181 -1.2
182 -1
183 -0.8
184 -0.6
185 -1
186 -0.8
187 -0.6
188 -0.2
189 -0.8
190 -0.6
191 -0.4
192 0
193 -1.26923
194 -0.846154
195 -0.423077
196 -1.14286
197 -1.25
198 -1
199 -0.75
200 -0.571429
201 -1
202 -0.75
203 -0.5
204 -3.47278e-13
205 -0.75
206 -0.5
207 -0.25
208 -2.0659e-12
209 -0.942857
210 -0.628571
211 -0.314286
212 -0.8
213 -1
214 -0.8
215 -0.6
216 -0.4
217 -0.8
218 -0.6
219 -0.4
220 -1.15463e-13
221 -0.6
222 -0.4
223 -0.2
224 0
225 -0.961538
226 -0.538462
227 -0.115385
228 -0.857143
229 -1
230 -0.75
231 -0.5
232 -0.285714
233 -0.75
234 -0.5
235 -0.25
236 0.285714
237 -0.5
238 -0.25
239 2.5083e-10
240 0.333333
241 -0.714286
242 -0.4
243 -0.0857143
244 -0.6
245 -0.8
246 -0.6
247 -0.4
248 -0.2
249 -0.6
250 -0.4
251 -0.2
252 0.2
253 -0.4
254 -0.2
255 2.81932e-09
256 0
257 0
258 0
259 0
260 0
261 -1
262 -0.730769
263 -0.461536
264 0
265 -0.692308
266 -0.423069
267 -0.153846
268 0
269 -0.384615
270 -0.115383
271 0.153842
272 0
273 -0.666667
274 -0.333333
275 1.75126e-09
276 -0.642857
277 -0.742857
278 -0.542856
279 -0.342857
280 -0.214286
281 -0.514286
282 -0.314283
283 -0.114286
284 0.214286
285 -0.285714
286 -0.0857137
287 0.114285
288 0
289 -1.30769
290 -0.884615
291 -0.461538
292 -1.28571
293 -1.25
294 -1
295 -0.75
296 -0.714286
297 -1
298 -0.75
299 -0.5
300 -0.142857
301 -0.75
302 -0.5
303 -0.25
304 -0.5
305 -0.971429
306 -0.657143
307 -0.342857
308 -0.9
309 -1
310 -0.8
311 -0.6
312 -0.5
313 -0.8
314 -0.6
315 -0.4
316 -0.1
317 -0.6
318 -0.4
319 -0.2
320 0
321 -1
322 -0.576923
323 -0.153846
324 -1
325 -1
326 -0.75
327 -0.5
328 -0.428571
329 -0.75
330 -0.5
331 -0.25
332 0.142857
333 -0.5
334 -0.25
335 2.5035e-10
336 -0.166667
337 -0.742857
338 -0.428571
339 -0.114286
340 -0.7
341 -0.8
342 -0.6
343 -0.4
344 -0.3
345 -0.6
346 -0.4
347 -0.2
348 0.1
349 -0.4
350 -0.2
351 -2.85458e-09
352 0
353 -0.692308
354 -0.269231
355 0.153846
356 -0.714286
357 -0.75
358 -0.5
359 -0.25
360 -0.142857
361 -0.5
362 -0.25
363 3.14629e-09
364 0.428571
365 -0.25
366 4.19981e-09
367 0.25
368 0.166667
369 -0.514286
370 -0.2
371 0.114286
372 -0.5
373 -0.6
374 -0.4
375 -0.2
376 -0.1
377 -0.4
378 -0.2
379 -9.6798e-10
380 0.3
381 -0.2
382 1.42306e-09
383 0.2
384 0
385 0
386 0
387 0
388 0
389 -0.576923
390 -0.307692
391 -0.0384603
392 0
393 -0.269231
394 8.88178e-15
395 0.269238
396 0
397 0.0384615
398 0.307693
399 0.576925
400 0
401 -0.333333
402 -2.0365e-09
403 0.333333
404 -0.428571
405 -0.428571
406 -0.228571
407 -0.0285711
408 1.42109e-14
409 -0.2
410 5.21141e-06
411 0.200002
412 0.428571
413 0.0285714
414 0.228572
415 0.428572
416 0
417 -1.03846
418 -0.615385
419 -0.192308
420 -1.14286
421 -1
422 -0.75
423 -0.5
424 -0.571429
425 -0.75
426 -0.5
427 -0.25
428 -4.26326e-13
429 -0.5
430 -0.25
431 4.54512e-10
432 -0.666667
433 -0.771429
434 -0.457143
435 -0.142857
436 -0.8
437 -0.8
438 -0.6
439 -0.4
440 -0.4
441 -0.6
442 -0.4
443 -0.2
444 -4.3876e-13
445 -0.4
446 -0.2
447 8.612e-10
448 0
449 -0.730769
450 -0.307692
451 0.115385
452 -0.857143
453 -0.75
454 -0.5
455 -0.25
456 -0.285714
457 -0.5
458 -0.25
459 -3.29173e-09
460 0.285714
461 -0.25
462 -4.36644e-10
463 0.25
464 -0.333333
465 -0.542857
466 -0.228571
467 0.0857143
468 -0.6
469 -0.6
470 -0.4
471 -0.2
472 -0.2
473 -0.4
474 -0.2
475 1.42306e-09
476 0.2
477 -0.2
478 -3.48908e-10
479 0.2
480 0
481 -0.423077
482 7.63833e-14
483 0.423077
484 -0.571429
485 -0.5
486 -0.25
487 6.43273e-10
488 -9.80549e-13
489 -0.25
490 6.43273e-10
491 0.25
492 0.571429
493 5.10866e-09
494 0.25
495 0.5
496 -2.42117e-12
497 -0.314286
498 1.84741e-13
499 0.314286
500 -0.4
501 -0.4
502 -0.2
503 -1.52298e-09
504 2.45137e-13
505 -0.2
506 -1.52298e-09
507 0.2
508 0.4
509 -1.44495e-09
510 0.2
511 0.4
512 0
513 0
514 0
515 0
516 0
517 -1.33333
518 -1
519 -0.666667
520 0
521 -1
522 -0.666667
523 -0.333333
524 0
525 -0.666667
526 -0.333333
527 1.75126e-09
528 0
529 -0.921053
530 -0.526316
531 -0.131579
532 -0.769231
533 -1
534 -0.75
535 -0.5
536 -0.307692
537 -0.75
538 -0.5
539 -0.25
540 0.153846
541 -0.5
542 -0.25
543 2.5035e-10
544 0
545 -1.52632
546 -1.05263
547 -0.578947
548 -1.41667
549 -1.44068
550 -1.15254
551 -0.864407
552 -0.833333
553 -1.16949
554 -0.881356
555 -0.59322
556 -0.25
557 -0.898305
558 -0.610169
559 -0.322034
560 -0.571429
561 -1.11538
562 -0.769231
563 -0.423077
564 -0.971429
565 -1.14865
566 -0.918919
567 -0.689189
568 -0.571429
569 -0.932432
570 -0.702703
571 -0.472973
572 -0.171429
573 -0.716216
574 -0.486486
575 -0.256757
576 0
577 -1.21053
578 -0.736842
579 -0.263158
580 -1.08333
581 -1.20339
582 -0.915254
583 -0.627119
584 -0.5
585 -0.932203
586 -0.644068
587 -0.355932
588 0.0833333
589 -0.661017
590 -0.372881
591 -0.0847458
592 -0.142857
593 -0.884615
594 -0.538462
595 -0.192308
596 -0.742857
597 -0.959459
598 -0.72973
599 -0.5
600 -0.342857
601 -0.743243
602 -0.513514
603 -0.283784
604 0.0571429
605 -0.527027
606 -0.297297
607 -0.0675676
608 0
609 -0.894737
610 -0.421053
611 0.0526316
612 -0.75
613 -0.966102
614 -0.677966
615 -0.38983
616 -0.166667
617 -0.694915
618 -0.40678
619 -0.118644
620 0.416667
621 -0.423729
622 -0.135593
623 0.152542
624 0.285714
625 -0.653846
626 -0.307692
627 0.0384615
628 -0.514286
629 -0.77027
630 -0.540541
631 -0.310811
632 -0.114286
633 -0.554054
634 -0.324324
635 -0.0945946
636 0.285714
637 -0.337838
638 -0.108108
639 0.121622
640 0
641 -1.45238
642 -0.904762
643 -0.357143
644 -1.30769
645 -1.38235
646 -1.05882
647 -0.735294
648 -0.615385
649 -1.08824
650 -0.764706
651 -0.441176
652 0.0769231
653 -0.794118
654 -0.470588
655 -0.147059
656 -0.142857
657 -1.0339
658 -0.644068
659 -0.254237
660 -0.85
661 -1.09302
662 -0.837209
663 -0.581395
664 -0.4
665 -0.860465
666 -0.604651
667 -0.348837
668 0.05
669 -0.627907
670 -0.372093
671 -0.116279
672 -2
673 -1.53571
674 -1.07143
675 -0.607143
676 -1.42857
677 -1.45349
678 -1.16279
679 -0.872093
680 -0.857143
681 -1.19767
682 -0.906977
683 -0.616279
684 -0.285714
685 -0.94186
686 -0.651163
687 -0.360465
688 -0.6
689 -1.16216
690 -0.810811
691 -0.459459
692 -1
693 -1.19048
694 -0.952381
695 -0.714286
696 -0.6
697 -0.980952
698 -0.742857
699 -0.504762
700 -0.2
701 -0.771429
702 -0.533333
703 -0.295238
704 -0.666667
705 -1.28571
706 -0.821429
707 -0.357143
708 -1.14286
709 -1.26744
710 -0.976744
711 -0.686047
712 -0.571429
713 -1.01163
714 -0.72093
715 -0.430233
716 5.53335e-13
717 -0.755814
718 -0.465116
719 -0.174419
720 -0.2
721 -0.972973
722 -0.621622
723 -0.27027
724 -0.8
725 -1.0381
726 -0.8
727 -0.561905
728 -0.4
729 -0.828571
730 -0.590476
731 -0.352381
732 1.38467e-12
733 -0.619048
734 -0.380952
735 -0.142857
736 0.666667
737 -1.03571
738 -0.571429
739 -0.107143
740 -0.857143
741 -1.0814
742 -0.790698
743 -0.5
744 -0.285714
745 -0.825581
746 -0.534884
747 -0.244186
748 0.285714
749 -0.569767
750 -0.27907
751 0.0116279
752 0.2
753 -0.783784
754 -0.432432
755 -0.0810811
756 -0.6
757 -0.885714
758 -0.647619
759 -0.409524
760 -0.2
761 -0.67619
762 -0.438095
763 -0.2
764 0.2
765 -0.466667
766 -0.228571
767 0.00952381
768 0
769 -1.19048
770 -0.642857
771 -0.0952381
772 -1.07692
773 -1.17647
774 -0.852941
775 -0.529412
776 -0.384615
777 -0.882353
778 -0.558824
779 -0.235294
780 0.307692
781 -0.588235
782 -0.264706
783 0.0588235
784 0.0714286
785 -0.847458
786 -0.457627
787 -0.0677966
788 -0.7
789 -0.930233
790 -0.674419
791 -0.418605
792 -0.25
793 -0.697674
794 -0.44186
795 -0.186047
796 0.2
797 -0.465116
798 -0.209302
799 0.0465116
800 -1.66667
801 -1.35714
802 -0.892857
803 -0.428571
804 -1.28571
805 -1.30233
806 -1.01163
807 -0.72093
808 -0.714286
809 -1.04651
810 -0.755814
811 -0.465116
812 -0.142857
813 -0.790698
814 -0.5
815 -0.209302
816 -0.5
817 -1.02703
818 -0.675676
819 -0.324324
820 -0.9
821 -1.06667
822 -0.828571
823 -0.590476
824 -0.5
825 -0.857143
826 -0.619048
827 -0.380952
828 -0.1
829 -0.647619
830 -0.409524
831 -0.171429
832 -0.333333
833 -1.10714
834 -0.642857
835 -0.178571
836 -1
837 -1.11628
838 -0.825581
839 -0.534884
840 -0.428571
841 -0.860465
842 -0.569767
843 -0.27907
844 0.142857
845 -0.604651
846 -0.313953
847 -0.0232558
848 -0.1
849 -0.837838
850 -0.486486
851 -0.135135
852 -0.7
853 -0.914286
854 -0.67619
855 -0.438095
856 -0.3
857 -0.704762
858 -0.466667
859 -0.228571
860 0.1
861 -0.495238
862 -0.257143
863 -0.0190476
864 1
865 -0.857143
866 -0.392857
867 0.0714286
868 -0.714286
869 -0.930233
870 -0.639535
871 -0.348837
872 -0.142857
873 -0.674419
874 -0.383721
875 -0.0930233
876 0.428571
877 -0.418605
878 -0.127907
879 0.162791
880 0.3
881 -0.648649
882 -0.297297
883 0.0540541
884 -0.5
885 -0.761905
886 -0.52381
887 -0.285714
888 -0.1
889 -0.552381
890 -0.314286
891 -0.0761905
892 0.3
893 -0.342857
894 -0.104762
895 0.133333
896 0
897 -0.928571
898 -0.380952
899 0.166667
900 -0.846154
901 -0.970588
902 -0.647059
903 -0.323529
904 -0.153846
905 -0.676471
906 -0.352941
907 -0.0294118
908 0.538462
909 -0.382353
910 -0.0588235
911 0.264706
912 0.285714
913 -0.661017
914 -0.271186
915 0.118644
916 -0.55
917 -0.767442
918 -0.511628
919 -0.255814
920 -0.1
921 -0.534884
922 -0.27907
923 -0.0232558
924 0.35
925 -0.302326
926 -0.0465116
927 0.209302
928 -1.33333
929 -1.17857
930 -0.714286
931 -0.25
932 -1.14286
933 -1.15116
934 -0.860465
935 -0.569767
936 -0.571429
937 -0.895349
938 -0.604651
939 -0.313953
940 -4.5528e-12
941 -0.639535
942 -0.348837
943 -0.0581395
944 -0.4
945 -0.891892
946 -0.540541
947 -0.189189
948 -0.8
949 -0.942857
950 -0.704762
951 -0.466667
952 -0.4
953 -0.733333
954 -0.495238
955 -0.257143
956 1.42286e-12
957 -0.52381
958 -0.285714
959 -0.047619
960 2.42562e-12
961 -0.928571
962 -0.464286
963 -3.17968e-13
964 -0.857143
965 -0.965116
966 -0.674419
967 -0.383721
968 -0.285714
969 -0.709302
970 -0.418605
971 -0.127907
972 0.285714
973 -0.453488
974 -0.162791
975 0.127907
976 9.41469e-14
977 -0.702703
978 -0.351351
979 -6.29718e-13
980 -0.6
981 -0.790476
982 -0.552381
983 -0.314286
984 -0.2
985 -0.580952
986 -0.342857
987 -0.104762
988 0.2
989 -0.371429
990 -0.133333
991 0.104762
992 1.33333
993 -0.678571
994 -0.214286
995 0.25
996 -0.571429
997 -0.77907
998 -0.488372
999 -0.197674
1000 1.33227e-12
1001 -0.523256
1002 -0.232558
1003 0.0581395
1004 0.571429
1005 -0.267442
1006 0.0232558
1007 0.313953
1008 0.4
1009 -0.513514
1010 -0.162162
1011 0.189189
1012 -0.4
1013 -0.638095
1014 -0.4
1015 -0.161905
1016 7.4607e-13
1017 -0.428571
1018 -0.190476
1019 0.047619
1020 0.4
1021 -0.219048
1022 0.0190476
1023 0.257143
1024 0
1025 0
1026 0
1027 0
1028 0
1029 -1
1030 -0.666667
1031 -0.333333
1032 0
1033 -0.666667
1034 -0.333333
1035 -2.59109e-09
1036 0
1037 -0.333333
1038 -2.0365e-09
1039 0.333333
1040 0
1041 -0.657895
1042 -0.263158
1043 0.131579
1044 -0.615385
1045 -0.75
1046 -0.5
1047 -0.25
1048 -0.153846
1049 -0.5
1050 -0.25
1051 -3.29173e-09
1052 0.307692
1053 -0.25
1054 -4.36644e-10
1055 0.25
1056 0
1057 -1.31579
1058 -0.842105
1059 -0.368421
1060 -1.33333
1061 -1.23729
1062 -0.949153
1063 -0.661017
1064 -0.75
1065 -0.966102
1066 -0.677966
1067 -0.38983
1068 -0.166667
1069 -0.694915
1070 -0.40678
1071 -0.118644
1072 -0.714286
1073 -0.961538
1074 -0.615385
1075 -0.269231
1076 -0.914286
1077 -0.986486
1078 -0.756757
1079 -0.527027
1080 -0.514286
1081 -0.77027
1082 -0.540541
1083 -0.310811
1084 -0.114286
1085 -0.554054
1086 -0.324324
1087 -0.0945946
1088 0
1089 -1
1090 -0.526316
1091 -0.0526316
1092 -1
1093 -1
1094 -0.711864
1095 -0.423729
1096 -0.416667
1097 -0.728814
1098 -0.440678
1099 -0.152542
1100 0.166667
1101 -0.457627
1102 -0.169492
1103 0.118644
1104 -0.285714
1105 -0.730769
1106 -0.384615
1107 -0.0384615
1108 -0.685714
1109 -0.797297
1110 -0.567568
1111 -0.337838
1112 -0.285714
1113 -0.581081
1114 -0.351351
1115 -0.121622
1116 0.114286
1117 -0.364865
1118 -0.135135
1119 0.0945946
1120 0
1121 -0.684211
1122 -0.210526
1123 0.263158
1124 -0.666667
1125 -0.762712
1126 -0.474576
1127 -0.186441
1128 -0.0833333
1129 -0.491525
1130 -0.20339
1131 0.0847458
1132 0.5
1133 -0.220339
1134 0.0677966
1135 0.355932
1136 0.142857
1137 -0.5
1138 -0.153846
1139 0.192308
1140 -0.457143
1141 -0.608108
1142 -0.378378
1143 -0.148649
1144 -0.0571429
1145 -0.391892
1146 -0.162162
1147 0.0675676
1148 0.342857
1149 -0.175676
1150 0.0540541
1151 0.283784
1152 0
1153 -1.2619
1154 -0.714286
1155 -0.166667
1156 -1.23077
1157 -1.20588
1158 -0.882353
1159 -0.558824
1160 -0.538462
1161 -0.911765
1162 -0.588235
1163 -0.264706
1164 0.153846
1165 -0.617647
1166 -0.294118
1167 0.0294118
1168 -0.285714
1169 -0.898305
1170 -0.508475
1171 -0.118644
1172 -0.8
1173 -0.953488
1174 -0.697674
1175 -0.44186
1176 -0.35
1177 -0.72093
1178 -0.465116
1179 -0.209302
1180 0.1
1181 -0.488372
1182 -0.232558
1183 0.0232558
1184 -2.66667
1185 -1.42857
1186 -0.964286
1187 -0.5
1188 -1.42857
1189 -1.33721
1190 -1.04651
1191 -0.755814
1192 -0.857143
1193 -1.0814
1194 -0.790698
1195 -0.5
1196 -0.285714
1197 -0.825581
1198 -0.534884
1199 -0.244186
1200 -0.8
1201 -1.08108
1202 -0.72973
1203 -0.378378
1204 -1
1205 -1.09524
1206 -0.857143
1207 -0.619048
1208 -0.6
1209 -0.885714
1210 -0.647619
1211 -0.409524
1212 -0.2
1213 -0.67619
1214 -0.438095
1215 -0.2
1216 -1.33333
1217 -1.17857
1218 -0.714286
1219 -0.25
1220 -1.14286
1221 -1.15116
1222 -0.860465
1223 -0.569767
1224 -0.571429
1225 -0.895349
1226 -0.604651
1227 -0.313953
1228 -3.90088e-12
1229 -0.639535
1230 -0.348837
1231 -0.0581395
1232 -0.4
1233 -0.891892
1234 -0.540541
1235 -0.189189
1236 -0.8
1237 -0.942857
1238 -0.704762
1239 -0.466667
1240 -0.4
1241 -0.733333
1242 -0.495238
1243 -0.257143
1244 -3.37508e-14
1245 -0.52381
1246 -0.285714
1247 -0.047619
1248 -5.66658e-13
1249 -0.928571
1250 -0.464286
1251 1.19016e-12
1252 -0.857143
1253 -0.965116
1254 -0.674419
1255 -0.383721
1256 -0.285714
1257 -0.709302
1258 -0.418605
1259 -0.127907
1260 0.285714
1261 -0.453488
1262 -0.162791
1263 0.127907
1264 1.63425e-13
1265 -0.702703
1266 -0.351351
1267 1.50102e-13
1268 -0.6
1269 -0.790476
1270 -0.552381
1271 -0.314286
1272 -0.2
1273 -0.580952
1274 -0.342857
1275 -0.104762
1276 0.2
1277 -0.371429
1278 -0.133333
1279 0.104762
1280 0
1281 -1
1282 -0.452381
1283 0.0952381
1284 -1
1285 -1
1286 -0.676471
1287 -0.352941
1288 -0.307692
1289 -0.705882
1290 -0.382353
1291 -0.0588235
1292 0.384615
1293 -0.411765
1294 -0.0882353
1295 0.235294
1296 -0.0714286
1297 -0.711864
1298 -0.322034
1299 0.0677966
1300 -0.65
1301 -0.790698
1302 -0.534884
1303 -0.27907
1304 -0.2
1305 -0.55814
1306 -0.302326
1307 -0.0465116
1308 0.25
1309 -0.325581
1310 -0.0697674
1311 0.186047
1312 -2.33333
1313 -1.25
1314 -0.785714
1315 -0.321429
1316 -1.28571
1317 -1.18605
1318 -0.895349
1319 -0.604651
1320 -0.714286
1321 -0.930233
1322 -0.639535
1323 -0.348837
1324 -0.142857
1325 -0.674419
1326 -0.383721
1327 -0.0930233
1328 -0.7
1329 -0.945946
1330 -0.594595
1331 -0.243243
1332 -0.9
1333 -0.971429
1334 -0.733333
1335 -0.495238
1336 -0.5
1337 -0.761905
1338 -0.52381
1339 -0.285714
1340 -0.1
1341 -0.552381
1342 -0.314286
1343 -0.0761905
1344 -1
1345 -1
1346 -0.535714
1347 -0.0714286
1348 -1
1349 -1
1350 -0.709302
1351 -0.418605
1352 -0.428571
1353 -0.744186
1354 -0.453488
1355 -0.162791
1356 0.142857
1357 -0.488372
1358 -0.197674
1359 0.0930233
1360 -0.3
1361 -0.756757
1362 -0.405405
1363 -0.0540541
1364 -0.7
1365 -0.819048
1366 -0.580952
1367 -0.342857
1368 -0.3
1369 -0.609524
1370 -0.371429
1371 -0.133333
1372 0.1
1373 -0.4
1374 -0.161905
1375 0.0761905
1376 0.333333
1377 -0.75
1378 -0.285714
1379 0.178571
1380 -0.714286
1381 -0.813953
1382 -0.523256
1383 -0.232558
1384 -0.142857
1385 -0.55814
1386 -0.267442
1387 0.0232558
1388 0.428571
1389 -0.302326
1390 -0.0116279
1391 0.27907
1392 0.1
1393 -0.567568
1394 -0.216216
1395 0.135135
1396 -0.5
1397 -0.666667
1398 -0.428571
1399 -0.190476
1400 -0.1
1401 -0.457143
1402 -0.219048
1403 0.0190476
1404 0.3
1405 -0.247619
1406 -0.00952381
1407 0.228571
1408 0
1409 -0.738095
1410 -0.190476
1411 0.357143
1412 -0.769231
1413 -0.794118
1414 -0.470588
1415 -0.147059
1416 -0.0769231
1417 -0.5
1418 -0.176471
1419 0.147059
1420 0.615385
1421 -0.205882
1422 0.117647
1423 0.441176
1424 0.142857
1425 -0.525424
1426 -0.135593
1427 0.254237
1428 -0.5
1429 -0.627907
1430 -0.372093
1431 -0.116279
1432 -0.05
1433 -0.395349
1434 -0.139535
1435 0.116279
1436 0.4
1437 -0.162791
1438 0.0930233
1439 0.348837
1440 -2
1441 -1.07143
1442 -0.607143
1443 -0.142857
1444 -1.14286
1445 -1.03488
1446 -0.744186
1447 -0.453488
1448 -0.571429
1449 -0.77907
1450 -0.488372
1451 -0.197674
1452 8.34888e-13
1453 -0.523256
1454 -0.232558
1455 0.0581395
1456 -0.6
1457 -0.810811
1458 -0.459459
1459 -0.108108
1460 -0.8
1461 -0.847619
1462 -0.609524
1463 -0.371429
1464 -0.4
1465 -0.638095
1466 -0.4
1467 -0.161905
1468 2.0064e-12
1469 -0.428571
1470 -0.190476
1471 0.047619
1472 -0.666667
1473 -0.821429
1474 -0.357143
1475 0.107143
1476 -0.857143
1477 -0.848837
1478 -0.55814
1479 -0.267442
1480 -0.285714
1481 -0.593023
1482 -0.302326
1483 -0.0116279
1484 0.285714
1485 -0.337209
1486 -0.0465116
1487 0.244186
1488 -0.2
1489 -0.621622
1490 -0.27027
1491 0.0810811
1492 -0.6
1493 -0.695238
1494 -0.457143
1495 -0.219048
1496 -0.2
1497 -0.485714
1498 -0.247619
1499 -0.00952381
1500 0.2
1501 -0.27619
1502 -0.0380952
1503 0.2
1504 0.666667
1505 -0.571429
1506 -0.107143
1507 0.357143
1508 -0.571429
1509 -0.662791
1510 -0.372093
1511 -0.0813954
1512 2.69296e-12
1513 -0.406977
1514 -0.116279
1515 0.174419
1516 0.571429
1517 -0.151163
1518 0.139535
1519 0.430233
1520 0.2
1521 -0.432432
1522 -0.0810811
1523 0.27027
1524 -0.4
1525 -0.542857
1526 -0.304762
1527 -0.0666667
1528 1.946e-12
1529 -0.333333
1530 -0.0952381
1531 0.142857
1532 0.4
1533 -0.12381
1534 0.114286
1535 0.352381
1536 0
1537 0
1538 0
1539 0
1540 0
1541 -0.666667
1542 -0.333333
1543 1.04523e-09
1544 0
1545 -0.333333
1546 1.04523e-09
1547 0.333333
1548 0
1549 2.44352e-10
1550 0.333333
1551 0.666667
1552 0
1553 -0.394737
1554 -1.30562e-13
1555 0.394737
1556 -0.461538
1557 -0.5
1558 -0.25
1559 8.20509e-10
1560 -2.51354e-13
1561 -0.25
1562 8.20509e-10
1563 0.25
1564 0.461538
1565 2.54135e-09
1566 0.25
1567 0.5
1568 0
1569 -1.10526
1570 -0.631579
1571 -0.157895
1572 -1.25
1573 -1.0339
1574 -0.745763
1575 -0.457627
1576 -0.666667
1577 -0.762712
1578 -0.474576
1579 -0.186441
1580 -0.0833333
1581 -0.491525
1582 -0.20339
1583 0.0847458
1584 -0.857143
1585 -0.807692
1586 -0.461538
1587 -0.115385
1588 -0.857143
1589 -0.824324
1590 -0.594595
1591 -0.364865
1592 -0.457143
1593 -0.608108
1594 -0.378378
1595 -0.148649
1596 -0.0571429
1597 -0.391892
1598 -0.162162
1599 0.0675676
1600 0
1601 -0.789474
1602 -0.315789
1603 0.157895
1604 -0.916667
1605 -0.79661
1606 -0.508475
1607 -0.220339
1608 -0.333333
1609 -0.525424
1610 -0.237288
1611 0.0508475
1612 0.25
1613 -0.254237
1614 0.0338983
1615 0.322034
1616 -0.428571
1617 -0.576923
1618 -0.230769
1619 0.115385
1620 -0.628571
1621 -0.635135
1622 -0.405405
1623 -0.175676
1624 -0.228571
1625 -0.418919
1626 -0.189189
1627 0.0405405
1628 0.171429
1629 -0.202703
1630 0.027027
1631 0.256757
1632 0
1633 -0.473684
1634 -1.58096e-13
1635 0.473684
1636 -0.583333
1637 -0.559322
1638 -0.271186
1639 0.0169492
1640 2.03393e-13
1641 -0.288136
1642 6.03073e-13
1643 0.288136
1644 0.583333
1645 -0.0169492
1646 0.271186
1647 0.559322
1648 -5.99343e-12
1649 -0.346154
1650 6.02185e-13
1651 0.346154
1652 -0.4
1653 -0.445946
1654 -0.216216
1655 0.0135135
1656 -1.19638e-12
1657 -0.22973
1658 -1.0747e-13
1659 0.22973
1660 0.4
1661 -0.0135135
1662 0.216216
1663 0.445946
1664 0
1665 -1.07143
1666 -0.52381
1667 0.0238095
1668 -1.15385
1669 -1.02941
1670 -0.705882
1671 -0.382353
1672 -0.461538
1673 -0.735294
1674 -0.411765
1675 -0.0882353
1676 0.230769
1677 -0.441176
1678 -0.117647
1679 0.205882
1680 -0.428571
1681 -0.762712
1682 -0.372881
1683 0.0169492
1684 -0.75
1685 -0.813953
1686 -0.55814
1687 -0.302326
1688 -0.3
1689 -0.581395
1690 -0.325581
1691 -0.0697674
1692 0.15
1693 -0.348837
1694 -0.0930233
1695 0.162791
1696 -3.33333
1697 -1.32143
1698 -0.857143
1699 -0.392857
1700 -1.42857
1701 -1.22093
1702 -0.930233
1703 -0.639535
1704 -0.857143
1705 -0.965116
1706 -0.674419
1707 -0.383721
1708 -0.285714
1709 -0.709302
1710 -0.418605
1711 -0.127907
1712 -1
1713 -1
1714 -0.648649
1715 -0.297297
1716 -1
1717 -1
1718 -0.761905
1719 -0.52381
1720 -0.6
1721 -0.790476
1722 -0.552381
1723 -0.314286
1724 -0.2
1725 -0.580952
1726 -0.342857
1727 -0.104762
1728 -2
1729 -1.07143
1730 -0.607143
1731 -0.142857
1732 -1.14286
1733 -1.03488
1734 -0.744186
1735 -0.453488
1736 -0.571429
1737 -0.77907
1738 -0.488372
1739 -0.197674
1740 -2.54019e-13
1741 -0.523256
1742 -0.232558
1743 0.0581395
1744 -0.6
1745 -0.810811
1746 -0.459459
1747 -0.108108
1748 -0.8
1749 -0.847619
1750 -0.609524
1751 -0.371429
1752 -0.4
1753 -0.638095
1754 -0.4
1755 -0.161905
1756 1.43707e-12
1757 -0.428571
1758 -0.190476
1759 0.047619
1760 -0.666667
1761 -0.821429
1762 -0.357143
1763 0.107143
1764 -0.857143
1765 -0.848837
1766 -0.55814
1767 -0.267442
1768 -0.285714
1769 -0.593023
1770 -0.302326
1771 -0.0116279
1772 0.285714
1773 -0.337209
1774 -0.0465116
1775 0.244186
1776 -0.2
1777 -0.621622
1778 -0.27027
1779 0.0810811
1780 -0.6
1781 -0.695238
1782 -0.457143
1783 -0.219048
1784 -0.2
1785 -0.485714
1786 -0.247619
1787 -0.00952381
1788 0.2
1789 -0.27619
1790 -0.0380952
1791 0.2
1792 0
1793 -0.809524
1794 -0.261905
1795 0.285714
1796 -0.923077
1797 -0.823529
1798 -0.5
1799 -0.176471
1800 -0.230769
1801 -0.529412
1802 -0.205882
1803 0.117647
1804 0.461538
1805 -0.235294
1806 0.0882353
1807 0.411765
1808 -0.214286
1809 -0.576271
1810 -0.186441
1811 0.20339
1812 -0.6
1813 -0.651163
1814 -0.395349
1815 -0.139535
1816 -0.15
1817 -0.418605
1818 -0.162791
1819 0.0930233
1820 0.3
1821 -0.186047
1822 0.0697674
1823 0.325581
1824 -3
1825 -1.14286
1826 -0.678571
1827 -0.214286
1828 -1.28571
1829 -1.06977
1830 -0.77907
1831 -0.488372
1832 -0.714286
1833 -0.813953
1834 -0.523256
1835 -0.232558
1836 -0.142857
1837 -0.55814
1838 -0.267442
1839 0.0232558
1840 -0.9
1841 -0.864865
1842 -0.513514
1843 -0.162162
1844 -0.9
1845 -0.87619
1846 -0.638095
1847 -0.4
1848 -0.5
1849 -0.666667
1850 -0.428571
1851 -0.190476
1852 -0.1
1853 -0.457143
1854 -0.219048
1855 0.0190476
1856 -1.66667
1857 -0.892857
1858 -0.428571
1859 0.0357143
1860 -1
1861 -0.883721
1862 -0.593023
1863 -0.302326
1864 -0.428571
1865 -0.627907
1866 -0.337209
1867 -0.0465116
1868 0.142857
1869 -0.372093
1870 -0.0813954
1871 0.209302
1872 -0.5
1873 -0.675676
1874 -0.324324
1875 0.027027
1876 -0.7
1877 -0.72381
1878 -0.485714
1879 -0.247619
1880 -0.3
1881 -0.514286
1882 -0.27619
1883 -0.0380952
1884 0.1
1885 -0.304762
1886 -0.0666667
1887 0.171429
1888 -0.333333
1889 -0.642857
1890 -0.178571
1891 0.285714
1892 -0.714286
1893 -0.697674
1894 -0.406977
1895 -0.116279
1896 -0.142857
1897 -0.44186
1898 -0.151163
1899 0.139535
1900 0.428571
1901 -0.186047
1902 0.104651
1903 0.395349
1904 -0.1
1905 -0.486486
1906 -0.135135
1907 0.216216
1908 -0.5
1909 -0.571429
1910 -0.333333
1911 -0.0952381
1912 -0.1
1913 -0.361905
1914 -0.12381
1915 0.114286
1916 0.3
1917 -0.152381
1918 0.0857143
1919 0.32381
1920 0
1921 -0.547619
1922 5.95968e-13
1923 0.547619
1924 -0.692308
1925 -0.617647
1926 -0.294118
1927 0.0294118
1928 -2.1636e-12
1929 -0.323529
1930 3.1708e-13
1931 0.323529
1932 0.692308
1933 -0.0294118
1934 0.294118
1935 0.617647
1936 -3.55271e-15
1937 -0.38983
1938 1.58984e-13
1939 0.38983
1940 -0.45
1941 -0.488372
1942 -0.232558
1943 0.0232558
1944 -5.41789e-14
1945 -0.255814
1946 -3.37508e-14
1947 0.255814
1948 0.45
1949 -0.0232558
1950 0.232558
1951 0.488372
1952 -2.66667
1953 -0.964286
1954 -0.5
1955 -0.0357143
1956 -1.14286
1957 -0.918605
1958 -0.627907
1959 -0.337209
1960 -0.571429
1961 -0.662791
1962 -0.372093
1963 -0.0813954
1964 1.11555e-12
1965 -0.406977
1966 -0.116279
1967 0.174419
1968 -0.8
1969 -0.72973
1970 -0.378378
1971 -0.027027
1972 -0.8
1973 -0.752381
1974 -0.514286
1975 -0.27619
1976 -0.4
1977 -0.542857
1978 -0.304762
1979 -0.0666667
1980 1.09068e-12
1981 -0.333333
1982 -0.0952381
1983 0.142857
1984 -1.33333
1985 -0.714286
1986 -0.25
1987 0.214286
1988 -0.857143
1989 -0.732558
1990 -0.44186
1991 -0.151163
1992 -0.285714
1993 -0.476744
1994 -0.186047
1995 0.104651
1996 0.285714
1997 -0.22093
1998 0.0697674
1999 0.360465
2000 -0.4
2001 -0.540541
2002 -0.189189
2003 0.162162
2004 -0.6
2005 -0.6
2006 -0.361905
2007 -0.12381
2008 -0.2
2009 -0.390476
2010 -0.152381
2011 0.0857143
2012 0.2
2013 -0.180952
2014 0.0571429
2015 0.295238
2016 -1.07558e-12
2017 -0.464286
2018 -4.70735e-14
2019 0.464286
2020 -0.571429
2021 -0.546512
2022 -0.255814
2023 0.0348837
2024 2.80664e-13
2025 -0.290698
2026 -2.80664e-13
2027 0.290698
2028 0.571429
2029 -0.0348837
2030 0.255814
2031 0.546512
2032 -4.17444e-14
2033 -0.351351
2034 -6.8745e-13
2035 0.351351
2036 -0.4
2037 -0.447619
2038 -0.209524
2039 0.0285714
2040 4.06786e-13
2041 -0.238095
2042 2.86882e-13
2043 0.238095
2044 0.4
2045 -0.0285714
2046 0.209524
2047 0.447619
