#CSC Position Offset LUT
#Structure is comparator code (iCC) -> Stub position offset
#iCC bits: 12
#<header> v1.0 12 32 </header>
0 8
1 8
2 8
3 8
4 8
5 8
6 8
7 8
8 8
9 8
10 8
11 8
12 8
13 8
14 8
15 8
16 8
17 8
18 8
19 8
20 8
21 6
22 5
23 4
24 8
25 7
26 7
27 6
28 8
29 9
30 8
31 7
32 8
33 8
34 8
35 8
36 8
37 0
38 1
39 1
40 8
41 1
42 2
43 2
44 8
45 2
46 3
47 4
48 8
49 3
50 4
51 5
52 2
53 2
54 3
55 3
56 4
57 3
58 4
59 4
60 5
61 4
62 5
63 5
64 8
65 8
66 8
67 8
68 8
69 2
70 3
71 4
72 8
73 4
74 4
75 5
76 8
77 5
78 6
79 6
80 8
81 5
82 6
83 7
84 4
85 4
86 5
87 5
88 5
89 5
90 5
91 6
92 7
93 6
94 6
95 7
96 8
97 8
98 8
99 8
100 8
101 5
102 6
103 6
104 8
105 6
106 7
107 7
108 8
109 7
110 8
111 9
112 8
113 7
114 8
115 9
116 5
117 6
118 6
119 7
120 7
121 7
122 7
123 8
124 8
125 8
126 8
127 8
128 8
129 8
130 8
131 8
132 8
133 1
134 2
135 3
136 8
137 2
138 3
139 4
140 8
141 3
142 4
143 6
144 8
145 4
146 5
147 7
148 2
149 2
150 3
151 4
152 4
153 3
154 4
155 5
156 6
157 4
158 5
159 6
160 8
161 1
162 3
163 5
164 0
165 0
166 2
167 3
168 2
169 2
170 3
171 4
172 4
173 3
174 4
175 5
176 7
177 3
178 4
179 6
180 2
181 2
182 3
183 4
184 4
185 3
186 4
187 5
188 5
189 4
190 5
191 5
192 8
193 3
194 4
195 6
196 1
197 2
198 3
199 4
200 3
201 3
202 4
203 5
204 6
205 4
206 5
207 6
208 8
209 4
210 5
211 7
212 3
213 3
214 4
215 5
216 5
217 4
218 5
219 5
220 6
221 5
222 5
223 6
224 8
225 4
226 6
227 7
228 2
229 3
230 4
231 5
232 4
233 4
234 5
235 6
236 7
237 5
238 6
239 7
240 9
241 5
242 6
243 8
244 4
245 4
246 5
247 5
248 5
249 5
250 5
251 6
252 7
253 5
254 6
255 7
256 8
257 8
258 8
259 8
260 8
261 2
262 4
263 5
264 8
265 4
266 5
267 6
268 8
269 5
270 6
271 7
272 8
273 5
274 7
275 8
276 3
277 4
278 5
279 6
280 5
281 5
282 6
283 7
284 7
285 6
286 7
287 7
288 8
289 2
290 4
291 6
292 0
293 2
294 3
295 4
296 2
297 3
298 4
299 5
300 5
301 4
302 5
303 6
304 6
305 4
306 5
307 7
308 2
309 3
310 4
311 5
312 4
313 4
314 5
315 5
316 6
317 5
318 5
319 6
320 8
321 4
322 6
323 7
324 1
325 3
326 4
327 5
328 4
329 4
330 5
331 6
332 6
333 5
334 6
335 7
336 7
337 5
338 6
339 7
340 3
341 4
342 5
343 5
344 5
345 5
346 5
347 6
348 7
349 5
350 6
351 7
352 8
353 5
354 7
355 9
356 2
357 4
358 5
359 6
360 5
361 5
362 6
363 7
364 7
365 6
366 7
367 8
368 9
369 6
370 7
371 8
372 4
373 5
374 5
375 6
376 6
377 5
378 6
379 7
380 8
381 6
382 7
383 8
384 8
385 8
386 8
387 8
388 8
389 4
390 5
391 6
392 8
393 6
394 7
395 8
396 8
397 7
398 8
399 9
400 8
401 7
402 8
403 9
404 4
405 5
406 6
407 7
408 6
409 6
410 7
411 8
412 8
413 7
414 8
415 9
416 8
417 4
418 5
419 7
420 1
421 3
422 4
423 5
424 3
425 4
426 5
427 6
428 6
429 5
430 6
431 7
432 5
433 5
434 6
435 7
436 3
437 4
438 5
439 5
440 5
441 5
442 5
443 6
444 6
445 5
446 6
447 7
448 8
449 5
450 7
451 8
452 2
453 4
454 5
455 6
456 4
457 5
458 6
459 7
460 7
461 6
462 7
463 8
464 7
465 6
466 7
467 8
468 4
469 5
470 5
471 6
472 5
473 5
474 6
475 7
476 7
477 6
478 7
479 8
480 8
481 6
482 8
483 10
484 3
485 5
486 6
487 7
488 6
489 6
490 7
491 8
492 8
493 7
494 8
495 9
496 8
497 7
498 8
499 9
500 5
501 5
502 6
503 7
504 6
505 6
506 7
507 8
508 8
509 7
510 8
511 9
512 8
513 8
514 8
515 8
516 8
517 0
518 1
519 2
520 8
521 1
522 2
523 4
524 8
525 2
526 4
527 5
528 8
529 3
530 5
531 6
532 2
533 2
534 3
535 4
536 4
537 3
538 4
539 5
540 6
541 4
542 5
543 6
544 8
545 1
546 3
547 5
548 0
549 0
550 1
551 2
552 2
553 1
554 2
555 3
556 4
557 2
558 3
559 5
560 6
561 3
562 4
563 6
564 2
565 1
566 2
567 3
568 4
569 2
570 3
571 4
572 5
573 3
574 4
575 5
576 8
577 2
578 4
579 6
580 0
581 1
582 2
583 3
584 3
585 2
586 3
587 4
588 5
589 3
590 4
591 6
592 8
593 4
594 5
595 6
596 3
597 2
598 3
599 4
600 5
601 3
602 4
603 5
604 6
605 4
606 5
607 6
608 8
609 3
610 5
611 7
612 2
613 2
614 3
615 4
616 4
617 3
618 4
619 5
620 7
621 4
622 5
623 7
624 10
625 5
626 6
627 7
628 4
629 3
630 4
631 5
632 6
633 4
634 5
635 6
636 7
637 5
638 6
639 7
640 8
641 1
642 3
643 6
644 0
645 0
646 1
647 3
648 2
649 1
650 3
651 4
652 5
653 3
654 4
655 5
656 8
657 3
658 5
659 6
660 2
661 2
662 3
663 4
664 4
665 3
666 4
667 5
668 6
669 4
670 5
671 6
672 2
673 1
674 3
675 5
676 0
677 0
678 1
679 3
680 2
681 1
682 3
683 4
684 4
685 2
686 4
687 5
688 6
689 3
690 4
691 6
692 2
693 2
694 3
695 4
696 4
697 2
698 3
699 5
700 5
701 3
702 4
703 5
704 8
705 2
706 4
707 6
708 1
709 1
710 2
711 3
712 3
713 2
714 3
715 5
716 6
717 3
718 4
719 6
720 8
721 3
722 5
723 6
724 3
725 2
726 3
727 4
728 5
729 3
730 4
731 5
732 6
733 4
734 5
735 6
736 14
737 3
738 5
739 7
740 2
741 2
742 3
743 4
744 4
745 3
746 4
747 5
748 7
749 4
750 5
751 6
752 10
753 4
754 6
755 7
756 4
757 3
758 4
759 5
760 5
761 4
762 5
763 6
764 7
765 5
766 6
767 7
768 8
769 2
770 4
771 7
772 0
773 1
774 2
775 4
776 3
777 2
778 4
779 5
780 6
781 3
782 5
783 6
784 9
785 4
786 5
787 7
788 3
789 2
790 4
791 5
792 5
793 3
794 4
795 6
796 7
797 4
798 5
799 7
800 4
801 2
802 4
803 6
804 0
805 1
806 2
807 3
808 2
809 2
810 3
811 4
812 5
813 3
814 4
815 5
816 7
817 3
818 5
819 6
820 2
821 2
822 3
823 4
824 4
825 3
826 4
827 5
828 6
829 4
830 5
831 6
832 9
833 3
834 5
835 7
836 1
837 2
838 3
839 4
840 4
841 3
842 4
843 5
844 6
845 4
846 5
847 6
848 8
849 4
850 6
851 7
852 3
853 3
854 4
855 5
856 5
857 4
858 5
859 6
860 7
861 5
862 6
863 7
864 15
865 4
866 6
867 8
868 2
869 2
870 4
871 5
872 5
873 4
874 5
875 6
876 7
877 5
878 6
879 7
880 10
881 5
882 6
883 8
884 4
885 3
886 4
887 5
888 6
889 4
890 5
891 6
892 8
893 5
894 6
895 7
896 8
897 3
898 6
899 8
900 1
901 2
902 3
903 5
904 4
905 3
906 4
907 6
908 7
909 4
910 6
911 7
912 10
913 5
914 6
915 8
916 3
917 3
918 4
919 5
920 5
921 4
922 5
923 6
924 7
925 5
926 6
927 7
928 5
929 2
930 4
931 6
932 1
933 1
934 3
935 4
936 3
937 3
938 4
939 5
940 6
941 4
942 5
943 6
944 7
945 4
946 5
947 7
948 3
949 3
950 4
951 5
952 5
953 4
954 5
955 6
956 6
957 4
958 5
959 6
960 11
961 4
962 6
963 8
964 2
965 2
966 4
967 5
968 4
969 3
970 5
971 6
972 7
973 4
974 6
975 7
976 9
977 5
978 6
979 8
980 4
981 3
982 4
983 5
984 5
985 4
986 5
987 6
988 7
989 5
990 6
991 7
992 15
993 5
994 7
995 9
996 3
997 3
998 4
999 6
1000 6
1001 4
1002 5
1003 7
1004 8
1005 5
1006 6
1007 8
1008 11
1009 5
1010 7
1011 8
1012 5
1013 4
1014 5
1015 6
1016 6
1017 5
1018 6
1019 7
1020 8
1021 6
1022 7
1023 8
1024 8
1025 8
1026 8
1027 8
1028 8
1029 1
1030 2
1031 4
1032 8
1033 2
1034 4
1035 5
1036 8
1037 4
1038 5
1039 7
1040 8
1041 4
1042 6
1043 7
1044 3
1045 3
1046 4
1047 5
1048 5
1049 4
1050 5
1051 6
1052 7
1053 5
1054 6
1055 7
1056 8
1057 1
1058 3
1059 5
1060 0
1061 1
1062 2
1063 3
1064 2
1065 2
1066 3
1067 4
1068 4
1069 3
1070 4
1071 5
1072 6
1073 3
1074 5
1075 6
1076 2
1077 2
1078 3
1079 4
1080 4
1081 3
1082 4
1083 5
1084 6
1085 4
1086 5
1087 6
1088 8
1089 3
1090 5
1091 7
1092 1
1093 2
1094 3
1095 4
1096 3
1097 3
1098 4
1099 5
1100 6
1101 4
1102 5
1103 6
1104 7
1105 4
1106 6
1107 7
1108 3
1109 3
1110 4
1111 5
1112 5
1113 4
1114 5
1115 6
1116 7
1117 5
1118 6
1119 7
1120 8
1121 4
1122 6
1123 8
1124 2
1125 3
1126 4
1127 5
1128 5
1129 4
1130 5
1131 6
1132 7
1133 5
1134 6
1135 7
1136 9
1137 5
1138 7
1139 8
1140 4
1141 4
1142 5
1143 6
1144 6
1145 5
1146 6
1147 7
1148 7
1149 6
1150 7
1151 8
1152 8
1153 2
1154 4
1155 6
1156 0
1157 1
1158 2
1159 4
1160 2
1161 2
1162 3
1163 5
1164 5
1165 3
1166 5
1167 6
1168 7
1169 4
1170 5
1171 7
1172 2
1173 2
1174 3
1175 4
1176 4
1177 3
1178 4
1179 5
1180 6
1181 4
1182 5
1183 6
1184 0
1185 1
1186 3
1187 5
1188 0
1189 1
1190 2
1191 3
1192 2
1193 2
1194 3
1195 4
1196 4
1197 3
1198 4
1199 5
1200 5
1201 3
1202 5
1203 6
1204 2
1205 2
1206 3
1207 4
1208 4
1209 3
1210 4
1211 5
1212 5
1213 4
1214 5
1215 6
1216 5
1217 2
1218 4
1219 6
1220 1
1221 1
1222 3
1223 4
1224 3
1225 3
1226 4
1227 5
1228 6
1229 4
1230 5
1231 6
1232 7
1233 4
1234 5
1235 7
1236 3
1237 3
1238 4
1239 5
1240 5
1241 4
1242 5
1243 6
1244 6
1245 4
1246 5
1247 6
1248 11
1249 4
1250 6
1251 8
1252 2
1253 2
1254 4
1255 5
1256 4
1257 3
1258 5
1259 6
1260 7
1261 4
1262 6
1263 7
1264 9
1265 5
1266 6
1267 8
1268 4
1269 3
1270 4
1271 5
1272 5
1273 4
1274 5
1275 6
1276 7
1277 5
1278 6
1279 7
1280 8
1281 3
1282 5
1283 8
1284 0
1285 2
1286 3
1287 4
1288 3
1289 3
1290 4
1291 6
1292 6
1293 4
1294 6
1295 7
1296 8
1297 4
1298 6
1299 8
1300 3
1301 3
1302 4
1303 5
1304 5
1305 4
1306 5
1307 6
1308 7
1309 5
1310 6
1311 7
1312 1
1313 2
1314 4
1315 6
1316 0
1317 1
1318 3
1319 4
1320 2
1321 2
1322 4
1323 5
1324 5
1325 4
1326 5
1327 6
1328 6
1329 4
1330 5
1331 7
1332 2
1333 3
1334 4
1335 5
1336 4
1337 3
1338 4
1339 5
1340 6
1341 4
1342 5
1343 6
1344 7
1345 3
1346 5
1347 7
1348 1
1349 2
1350 3
1351 5
1352 4
1353 3
1354 4
1355 6
1356 6
1357 4
1358 6
1359 7
1360 8
1361 4
1362 6
1363 7
1364 3
1365 3
1366 4
1367 5
1368 5
1369 4
1370 5
1371 6
1372 7
1373 5
1374 6
1375 7
1376 12
1377 4
1378 6
1379 8
1380 2
1381 3
1382 4
1383 5
1384 5
1385 4
1386 5
1387 6
1388 7
1389 5
1390 6
1391 8
1392 9
1393 5
1394 7
1395 8
1396 4
1397 4
1398 5
1399 6
1400 6
1401 5
1402 6
1403 7
1404 8
1405 6
1406 7
1407 8
1408 8
1409 4
1410 6
1411 9
1412 1
1413 3
1414 4
1415 5
1416 4
1417 4
1418 5
1419 7
1420 7
1421 5
1422 6
1423 8
1424 9
1425 5
1426 7
1427 8
1428 4
1429 4
1430 5
1431 6
1432 6
1433 5
1434 6
1435 7
1436 8
1437 6
1438 7
1439 8
1440 2
1441 3
1442 5
1443 7
1444 1
1445 2
1446 3
1447 4
1448 3
1449 3
1450 4
1451 6
1452 6
1453 4
1454 5
1455 7
1456 6
1457 4
1458 6
1459 7
1460 3
1461 3
1462 4
1463 5
1464 5
1465 4
1466 5
1467 6
1468 6
1469 5
1470 6
1471 7
1472 8
1473 4
1474 6
1475 8
1476 2
1477 3
1478 4
1479 5
1480 4
1481 4
1482 5
1483 6
1484 7
1485 5
1486 6
1487 7
1488 8
1489 5
1490 6
1491 8
1492 4
1493 4
1494 5
1495 6
1496 5
1497 5
1498 6
1499 7
1500 7
1501 5
1502 7
1503 8
1504 14
1505 5
1506 7
1507 9
1508 3
1509 4
1510 5
1511 6
1512 6
1513 5
1514 6
1515 7
1516 8
1517 6
1518 7
1519 8
1520 10
1521 6
1522 7
1523 9
1524 5
1525 4
1526 5
1527 6
1528 6
1529 5
1530 6
1531 7
1532 8
1533 6
1534 7
1535 8
1536 8
1537 8
1538 8
1539 8
1540 8
1541 2
1542 4
1543 5
1544 8
1545 4
1546 5
1547 7
1548 8
1549 5
1550 7
1551 8
1552 8
1553 5
1554 7
1555 9
1556 3
1557 4
1558 5
1559 6
1560 5
1561 5
1562 6
1563 7
1564 7
1565 6
1566 7
1567 8
1568 8
1569 2
1570 4
1571 6
1572 0
1573 2
1574 3
1575 4
1576 2
1577 3
1578 4
1579 5
1580 5
1581 4
1582 5
1583 6
1584 5
1585 4
1586 5
1587 7
1588 2
1589 3
1590 4
1591 5
1592 4
1593 4
1594 5
1595 6
1596 6
1597 5
1598 6
1599 7
1600 8
1601 4
1602 6
1603 8
1604 1
1605 3
1606 4
1607 5
1608 4
1609 4
1610 5
1611 6
1612 6
1613 5
1614 6
1615 7
1616 7
1617 5
1618 6
1619 8
1620 3
1621 4
1622 5
1623 6
1624 5
1625 5
1626 6
1627 7
1628 7
1629 5
1630 6
1631 7
1632 8
1633 5
1634 7
1635 9
1636 3
1637 4
1638 5
1639 6
1640 5
1641 5
1642 6
1643 7
1644 8
1645 6
1646 7
1647 8
1648 9
1649 6
1650 7
1651 9
1652 4
1653 4
1654 5
1655 6
1656 6
1657 5
1658 6
1659 7
1660 8
1661 6
1662 7
1663 8
1664 8
1665 3
1666 5
1667 7
1668 0
1669 2
1670 3
1671 4
1672 3
1673 3
1674 4
1675 6
1676 6
1677 4
1678 5
1679 7
1680 7
1681 4
1682 6
1683 7
1684 3
1685 3
1686 4
1687 5
1688 5
1689 4
1690 5
1691 6
1692 6
1693 5
1694 6
1695 7
1696 0
1697 2
1698 4
1699 6
1700 0
1701 1
1702 2
1703 4
1704 2
1705 2
1706 4
1707 5
1708 4
1709 3
1710 5
1711 6
1712 5
1713 3
1714 5
1715 6
1716 2
1717 2
1718 3
1719 4
1720 4
1721 3
1722 4
1723 5
1724 5
1725 4
1726 5
1727 6
1728 2
1729 3
1730 5
1731 7
1732 1
1733 2
1734 3
1735 4
1736 3
1737 3
1738 4
1739 6
1740 6
1741 4
1742 5
1743 7
1744 6
1745 4
1746 6
1747 7
1748 3
1749 3
1750 4
1751 5
1752 5
1753 4
1754 5
1755 6
1756 6
1757 5
1758 6
1759 7
1760 8
1761 4
1762 6
1763 8
1764 2
1765 3
1766 4
1767 5
1768 4
1769 4
1770 5
1771 6
1772 7
1773 5
1774 6
1775 7
1776 8
1777 5
1778 6
1779 8
1780 4
1781 4
1782 5
1783 6
1784 5
1785 5
1786 6
1787 7
1788 7
1789 5
1790 7
1791 8
1792 8
1793 4
1794 6
1795 8
1796 1
1797 2
1798 4
1799 5
1800 4
1801 4
1802 5
1803 6
1804 7
1805 5
1806 6
1807 8
1808 8
1809 5
1810 7
1811 8
1812 3
1813 4
1814 5
1815 6
1816 5
1817 5
1818 6
1819 7
1820 7
1821 6
1822 7
1823 8
1824 0
1825 3
1826 5
1827 7
1828 0
1829 2
1830 3
1831 4
1832 2
1833 3
1834 4
1835 5
1836 5
1837 4
1838 5
1839 6
1840 5
1841 4
1842 5
1843 7
1844 2
1845 3
1846 4
1847 5
1848 4
1849 4
1850 5
1851 6
1852 6
1853 5
1854 6
1855 7
1856 4
1857 4
1858 6
1859 8
1860 1
1861 3
1862 4
1863 5
1864 4
1865 4
1866 5
1867 6
1868 6
1869 5
1870 6
1871 7
1872 7
1873 5
1874 6
1875 8
1876 3
1877 4
1878 5
1879 6
1880 5
1881 4
1882 5
1883 7
1884 7
1885 5
1886 6
1887 7
1888 9
1889 5
1890 7
1891 9
1892 2
1893 3
1894 5
1895 6
1896 5
1897 4
1898 6
1899 7
1900 7
1901 6
1902 7
1903 8
1904 8
1905 6
1906 7
1907 9
1908 4
1909 4
1910 5
1911 6
1912 6
1913 5
1914 6
1915 7
1916 8
1917 6
1918 7
1919 8
1920 8
1921 5
1922 7
1923 9
1924 2
1925 3
1926 5
1927 6
1928 5
1929 5
1930 6
1931 7
1932 8
1933 6
1934 7
1935 9
1936 9
1937 6
1938 7
1939 9
1940 4
1941 4
1942 5
1943 6
1944 6
1945 5
1946 6
1947 7
1948 8
1949 6
1950 7
1951 8
1952 0
1953 3
1954 5
1955 7
1956 1
1957 2
1958 4
1959 5
1960 3
1961 4
1962 5
1963 6
1964 6
1965 5
1966 6
1967 7
1968 5
1969 5
1970 6
1971 8
1972 3
1973 3
1974 4
1975 5
1976 5
1977 4
1978 5
1979 6
1980 6
1981 5
1982 6
1983 7
1984 5
1985 4
1986 6
1987 8
1988 2
1989 3
1990 4
1991 6
1992 4
1993 4
1994 6
1995 7
1996 7
1997 5
1998 7
1999 8
2000 7
2001 5
2002 7
2003 8
2004 4
2005 4
2006 5
2007 6
2008 5
2009 5
2010 6
2011 7
2012 7
2013 6
2014 7
2015 8
2016 11
2017 6
2018 8
2019 9
2020 3
2021 4
2022 5
2023 7
2024 6
2025 5
2026 6
2027 8
2028 8
2029 6
2030 7
2031 9
2032 9
2033 6
2034 8
2035 9
2036 5
2037 5
2038 6
2039 7
2040 6
2041 6
2042 7
2043 8
2044 8
2045 7
2046 8
2047 9
