#CSC Position Offset LUT
#Structure is comparator code (iCC) -> Stub position offset
#iCC bits: 12
#<header> v1.0 12 32 </header>
0 8
1 8
2 8
3 8
4 8
5 8
6 8
7 8
8 8
9 8
10 8
11 8
12 8
13 8
14 8
15 8
16 8
17 8
18 8
19 8
20 8
21 7
22 7
23 6
24 8
25 9
26 8
27 7
28 8
29 10
30 9
31 9
32 8
33 8
34 8
35 8
36 8
37 1
38 2
39 2
40 8
41 2
42 3
43 4
44 8
45 4
46 4
47 5
48 8
49 3
50 4
51 5
52 4
53 3
54 4
55 4
56 5
57 4
58 5
59 5
60 7
61 5
62 5
63 6
64 8
65 8
66 8
67 8
68 8
69 4
70 4
71 5
72 8
73 5
74 6
75 6
76 8
77 6
78 7
79 7
80 8
81 5
82 6
83 7
84 5
85 5
86 5
87 6
88 7
89 6
90 6
91 7
92 8
93 7
94 7
95 8
96 8
97 8
98 8
99 8
100 8
101 6
102 7
103 7
104 8
105 7
106 8
107 9
108 8
109 9
110 9
111 10
112 8
113 7
114 8
115 9
116 7
117 7
118 7
119 8
120 8
121 8
122 8
123 8
124 9
125 8
126 9
127 9
128 8
129 8
130 8
131 8
132 8
133 2
134 3
135 4
136 8
137 3
138 4
139 6
140 8
141 5
142 6
143 7
144 8
145 4
146 5
147 7
148 4
149 3
150 4
151 5
152 6
153 4
154 5
155 6
156 8
157 5
158 6
159 7
160 8
161 1
162 3
163 5
164 2
165 2
166 3
167 4
168 4
169 3
170 4
171 5
172 7
173 4
174 5
175 6
176 7
177 3
178 4
179 6
180 4
181 3
182 4
183 5
184 5
185 4
186 5
187 5
188 7
189 5
190 5
191 6
192 8
193 3
194 4
195 6
196 3
197 3
198 4
199 5
200 6
201 4
202 5
203 6
204 8
205 5
206 6
207 7
208 8
209 4
210 5
211 7
212 5
213 4
214 5
215 5
216 6
217 5
218 5
219 6
220 8
221 5
222 6
223 7
224 8
225 4
226 6
227 7
228 4
229 4
230 5
231 6
232 7
233 5
234 6
235 7
236 9
237 6
238 7
239 8
240 9
241 5
242 6
243 8
244 5
245 5
246 5
247 6
248 7
249 5
250 6
251 7
252 9
253 6
254 7
255 8
256 8
257 8
258 8
259 8
260 8
261 4
262 5
263 6
264 8
265 5
266 6
267 7
268 8
269 6
270 7
271 9
272 8
273 5
274 7
275 8
276 5
277 5
278 6
279 7
280 7
281 6
282 7
283 7
284 9
285 7
286 8
287 8
288 8
289 2
290 4
291 6
292 2
293 3
294 4
295 5
296 5
297 4
298 5
299 6
300 7
301 5
302 6
303 7
304 6
305 4
306 5
307 7
308 4
309 4
310 5
311 5
312 6
313 5
314 5
315 6
316 8
317 5
318 6
319 7
320 8
321 4
322 6
323 7
324 4
325 4
326 5
327 6
328 6
329 5
330 6
331 7
332 9
333 6
334 7
335 8
336 7
337 5
338 6
339 7
340 5
341 5
342 5
343 6
344 7
345 5
346 6
347 7
348 8
349 6
350 7
351 8
352 8
353 5
354 7
355 9
356 5
357 5
358 6
359 7
360 7
361 6
362 7
363 8
364 10
365 7
366 8
367 9
368 9
369 6
370 7
371 8
372 6
373 5
374 6
375 7
376 8
377 6
378 7
379 8
380 9
381 7
382 8
383 9
384 8
385 8
386 8
387 8
388 8
389 6
390 7
391 8
392 8
393 7
394 8
395 9
396 8
397 8
398 9
399 10
400 8
401 7
402 8
403 9
404 6
405 6
406 7
407 8
408 8
409 7
410 8
411 9
412 10
413 8
414 9
415 10
416 8
417 4
418 5
419 7
420 3
421 4
422 5
423 6
424 6
425 5
426 6
427 7
428 8
429 6
430 7
431 8
432 5
433 5
434 6
435 7
436 5
437 5
438 5
439 6
440 6
441 5
442 6
443 7
444 8
445 6
446 7
447 8
448 8
449 5
450 7
451 8
452 4
453 5
454 6
455 7
456 7
457 6
458 7
459 8
460 9
461 7
462 8
463 9
464 7
465 6
466 7
467 8
468 5
469 5
470 6
471 7
472 7
473 6
474 7
475 8
476 9
477 7
478 8
479 9
480 8
481 6
482 8
483 10
484 6
485 6
486 7
487 8
488 8
489 7
490 8
491 9
492 10
493 8
494 9
495 10
496 8
497 7
498 8
499 9
500 6
501 6
502 7
503 8
504 8
505 7
506 8
507 9
508 10
509 8
510 9
511 10
512 8
513 8
514 8
515 8
516 8
517 2
518 4
519 5
520 8
521 4
522 5
523 7
524 8
525 5
526 7
527 8
528 8
529 4
530 6
531 7
532 5
533 4
534 5
535 6
536 7
537 5
538 6
539 7
540 9
541 6
542 7
543 8
544 8
545 1
546 3
547 5
548 2
549 2
550 3
551 4
552 4
553 3
554 4
555 5
556 7
557 4
558 5
559 7
560 6
561 3
562 5
563 6
564 4
565 3
566 4
567 5
568 6
569 4
570 5
571 6
572 7
573 5
574 6
575 7
576 8
577 3
578 5
579 7
580 3
581 3
582 4
583 5
584 6
585 4
586 5
587 6
588 8
589 5
590 6
591 8
592 7
593 4
594 6
595 7
596 5
597 4
598 5
599 6
600 7
601 5
602 6
603 7
604 8
605 6
606 7
607 8
608 8
609 4
610 6
611 8
612 5
613 4
614 5
615 6
616 7
617 5
618 6
619 7
620 10
621 6
622 7
623 9
624 9
625 5
626 7
627 8
628 6
629 5
630 6
631 7
632 7
633 6
634 7
635 8
636 9
637 7
638 8
639 8
640 8
641 2
642 4
643 6
644 2
645 2
646 3
647 5
648 5
649 3
650 5
651 6
652 8
653 5
654 6
655 7
656 7
657 4
658 5
659 7
660 4
661 3
662 4
663 5
664 6
665 4
666 5
667 6
668 8
669 5
670 6
671 7
672 0
673 1
674 3
675 5
676 2
677 2
678 3
679 4
680 4
681 3
682 4
683 5
684 7
685 4
686 5
687 6
688 5
689 3
690 5
691 6
692 4
693 3
694 4
695 5
696 5
697 4
698 5
699 6
700 7
701 5
702 6
703 7
704 5
705 2
706 4
707 6
708 3
709 3
710 4
711 5
712 6
713 4
714 5
715 6
716 8
717 5
718 6
719 7
720 7
721 4
722 5
723 7
724 5
725 4
726 5
727 6
728 6
729 4
730 5
731 6
732 8
733 5
734 6
735 7
736 11
737 4
738 6
739 8
740 4
741 3
742 5
743 6
744 7
745 4
746 6
747 7
748 9
749 6
750 7
751 8
752 9
753 5
754 6
755 8
756 5
757 4
758 5
759 6
760 7
761 5
762 6
763 7
764 9
765 6
766 7
767 8
768 8
769 3
770 5
771 8
772 3
773 3
774 4
775 6
776 6
777 4
778 6
779 7
780 9
781 5
782 7
783 8
784 8
785 4
786 6
787 8
788 5
789 4
790 5
791 6
792 7
793 5
794 6
795 7
796 9
797 6
798 7
799 8
800 1
801 2
802 4
803 6
804 2
805 2
806 4
807 5
808 5
809 4
810 5
811 6
812 7
813 5
814 6
815 7
816 6
817 4
818 5
819 7
820 4
821 3
822 4
823 5
824 6
825 4
826 5
827 6
828 8
829 5
830 6
831 7
832 7
833 3
834 5
835 7
836 4
837 3
838 4
839 6
840 6
841 4
842 6
843 7
844 9
845 5
846 7
847 8
848 8
849 4
850 6
851 7
852 5
853 4
854 5
855 6
856 7
857 5
858 6
859 7
860 8
861 6
862 7
863 8
864 12
865 4
866 6
867 8
868 5
869 4
870 5
871 6
872 7
873 5
874 6
875 8
876 10
877 6
878 7
879 9
880 9
881 5
882 7
883 8
884 6
885 5
886 6
887 7
888 8
889 6
890 7
891 8
892 9
893 7
894 8
895 9
896 8
897 4
898 6
899 9
900 4
901 4
902 5
903 7
904 7
905 5
906 6
907 8
908 10
909 6
910 8
911 9
912 9
913 5
914 7
915 8
916 6
917 5
918 6
919 7
920 8
921 6
922 7
923 8
924 9
925 7
926 8
927 9
928 2
929 3
930 5
931 7
932 3
933 3
934 4
935 6
936 6
937 4
938 5
939 7
940 8
941 5
942 6
943 8
944 6
945 4
946 6
947 7
948 5
949 4
950 5
951 6
952 6
953 5
954 6
955 7
956 8
957 6
958 7
959 8
960 8
961 4
962 6
963 8
964 4
965 4
966 5
967 6
968 7
969 5
970 6
971 7
972 9
973 6
974 7
975 9
976 8
977 5
978 6
979 8
980 5
981 5
982 6
983 7
984 7
985 5
986 7
987 8
988 9
989 6
990 7
991 8
992 14
993 5
994 7
995 9
996 6
997 5
998 6
999 7
1000 8
1001 6
1002 7
1003 8
1004 10
1005 7
1006 8
1007 9
1008 10
1009 6
1010 7
1011 9
1012 6
1013 5
1014 6
1015 7
1016 8
1017 6
1018 7
1019 8
1020 10
1021 7
1022 8
1023 9
1024 8
1025 8
1026 8
1027 8
1028 8
1029 4
1030 5
1031 7
1032 8
1033 5
1034 7
1035 8
1036 8
1037 7
1038 8
1039 9
1040 8
1041 5
1042 7
1043 9
1044 5
1045 5
1046 6
1047 7
1048 7
1049 6
1050 7
1051 8
1052 9
1053 7
1054 8
1055 9
1056 8
1057 2
1058 4
1059 6
1060 2
1061 3
1062 4
1063 5
1064 5
1065 4
1066 5
1067 6
1068 7
1069 5
1070 6
1071 7
1072 5
1073 4
1074 5
1075 7
1076 4
1077 4
1078 5
1079 6
1080 6
1081 5
1082 6
1083 7
1084 7
1085 6
1086 7
1087 8
1088 8
1089 4
1090 6
1091 8
1092 4
1093 4
1094 5
1095 6
1096 6
1097 5
1098 6
1099 7
1100 9
1101 6
1102 7
1103 8
1104 7
1105 5
1106 6
1107 8
1108 5
1109 5
1110 6
1111 7
1112 7
1113 5
1114 6
1115 7
1116 8
1117 6
1118 7
1119 8
1120 8
1121 5
1122 7
1123 9
1124 5
1125 5
1126 6
1127 7
1128 8
1129 6
1130 7
1131 8
1132 10
1133 7
1134 8
1135 9
1136 9
1137 6
1138 7
1139 9
1140 6
1141 5
1142 6
1143 7
1144 8
1145 6
1146 7
1147 8
1148 9
1149 7
1150 8
1151 9
1152 8
1153 3
1154 5
1155 7
1156 3
1157 3
1158 4
1159 6
1160 6
1161 4
1162 5
1163 7
1164 9
1165 5
1166 7
1167 8
1168 7
1169 4
1170 6
1171 7
1172 5
1173 4
1174 5
1175 6
1176 6
1177 5
1178 6
1179 7
1180 8
1181 6
1182 7
1183 8
1184 0
1185 2
1186 4
1187 6
1188 2
1189 2
1190 4
1191 5
1192 4
1193 3
1194 5
1195 6
1196 7
1197 4
1198 6
1199 7
1200 5
1201 3
1202 5
1203 6
1204 4
1205 3
1206 4
1207 5
1208 5
1209 4
1210 5
1211 6
1212 7
1213 5
1214 6
1215 7
1216 2
1217 3
1218 5
1219 7
1220 3
1221 3
1222 4
1223 6
1224 6
1225 4
1226 5
1227 7
1228 8
1229 5
1230 6
1231 8
1232 6
1233 4
1234 6
1235 7
1236 5
1237 4
1238 5
1239 6
1240 6
1241 5
1242 6
1243 7
1244 8
1245 6
1246 7
1247 8
1248 8
1249 4
1250 6
1251 8
1252 4
1253 4
1254 5
1255 6
1256 7
1257 5
1258 6
1259 7
1260 9
1261 6
1262 7
1263 9
1264 8
1265 5
1266 6
1267 8
1268 5
1269 5
1270 6
1271 7
1272 7
1273 5
1274 7
1275 8
1276 9
1277 6
1278 7
1279 8
1280 8
1281 4
1282 6
1283 8
1284 4
1285 4
1286 5
1287 6
1288 7
1289 5
1290 6
1291 8
1292 10
1293 6
1294 8
1295 9
1296 8
1297 5
1298 7
1299 8
1300 5
1301 5
1302 6
1303 7
1304 7
1305 6
1306 7
1307 8
1308 9
1309 7
1310 8
1311 9
1312 0
1313 3
1314 5
1315 7
1316 2
1317 3
1318 4
1319 5
1320 5
1321 4
1322 5
1323 6
1324 7
1325 5
1326 6
1327 8
1328 5
1329 4
1330 5
1331 7
1332 4
1333 4
1334 5
1335 6
1336 6
1337 5
1338 6
1339 7
1340 8
1341 6
1342 7
1343 8
1344 4
1345 4
1346 6
1347 8
1348 4
1349 4
1350 5
1351 6
1352 6
1353 5
1354 6
1355 7
1356 9
1357 6
1358 7
1359 8
1360 7
1361 5
1362 6
1363 8
1364 5
1365 4
1366 5
1367 7
1368 7
1369 5
1370 6
1371 7
1372 8
1373 6
1374 7
1375 8
1376 9
1377 5
1378 7
1379 9
1380 5
1381 4
1382 6
1383 7
1384 7
1385 6
1386 7
1387 8
1388 10
1389 7
1390 8
1391 9
1392 8
1393 6
1394 7
1395 9
1396 6
1397 5
1398 6
1399 7
1400 8
1401 6
1402 7
1403 8
1404 9
1405 7
1406 8
1407 9
1408 8
1409 5
1410 7
1411 9
1412 5
1413 5
1414 6
1415 7
1416 8
1417 6
1418 7
1419 9
1420 11
1421 7
1422 8
1423 10
1424 9
1425 6
1426 7
1427 9
1428 6
1429 5
1430 6
1431 7
1432 8
1433 6
1434 7
1435 8
1436 10
1437 7
1438 8
1439 9
1440 0
1441 3
1442 5
1443 7
1444 3
1445 4
1446 5
1447 6
1448 6
1449 5
1450 6
1451 7
1452 8
1453 6
1454 7
1455 8
1456 5
1457 5
1458 6
1459 8
1460 5
1461 4
1462 5
1463 6
1464 6
1465 5
1466 6
1467 7
1468 8
1469 6
1470 7
1471 8
1472 5
1473 4
1474 6
1475 8
1476 4
1477 4
1478 6
1479 7
1480 7
1481 5
1482 7
1483 8
1484 9
1485 7
1486 8
1487 9
1488 7
1489 5
1490 7
1491 8
1492 5
1493 5
1494 6
1495 7
1496 7
1497 6
1498 7
1499 8
1500 9
1501 7
1502 8
1503 9
1504 11
1505 6
1506 8
1507 9
1508 6
1509 5
1510 6
1511 8
1512 8
1513 6
1514 7
1515 9
1516 10
1517 7
1518 9
1519 10
1520 9
1521 6
1522 8
1523 9
1524 6
1525 6
1526 7
1527 8
1528 8
1529 7
1530 8
1531 9
1532 10
1533 7
1534 8
1535 9
1536 8
1537 8
1538 8
1539 8
1540 8
1541 5
1542 7
1543 8
1544 8
1545 7
1546 8
1547 9
1548 8
1549 8
1550 9
1551 11
1552 8
1553 6
1554 8
1555 10
1556 6
1557 6
1558 7
1559 8
1560 8
1561 7
1562 8
1563 9
1564 10
1565 8
1566 9
1567 10
1568 8
1569 3
1570 5
1571 7
1572 3
1573 4
1574 5
1575 6
1576 5
1577 5
1578 6
1579 7
1580 8
1581 6
1582 7
1583 8
1584 4
1585 5
1586 6
1587 7
1588 4
1589 4
1590 5
1591 6
1592 6
1593 5
1594 6
1595 7
1596 8
1597 6
1598 7
1599 8
1600 8
1601 5
1602 7
1603 9
1604 4
1605 5
1606 6
1607 7
1608 7
1609 6
1610 7
1611 8
1612 9
1613 7
1614 8
1615 9
1616 6
1617 6
1618 7
1619 8
1620 5
1621 5
1622 6
1623 7
1624 7
1625 6
1626 7
1627 8
1628 9
1629 7
1630 8
1631 9
1632 8
1633 6
1634 8
1635 10
1636 5
1637 6
1638 7
1639 8
1640 8
1641 7
1642 8
1643 9
1644 10
1645 8
1646 9
1647 10
1648 8
1649 6
1650 8
1651 9
1652 6
1653 6
1654 7
1655 8
1656 8
1657 7
1658 8
1659 9
1660 10
1661 8
1662 9
1663 10
1664 8
1665 3
1666 6
1667 8
1668 3
1669 4
1670 5
1671 6
1672 6
1673 5
1674 6
1675 8
1676 9
1677 6
1678 7
1679 9
1680 6
1681 5
1682 6
1683 8
1684 5
1685 4
1686 6
1687 7
1688 7
1689 5
1690 7
1691 8
1692 9
1693 6
1694 8
1695 9
1696 0
1697 2
1698 4
1699 6
1700 2
1701 3
1702 4
1703 5
1704 4
1705 4
1706 5
1707 6
1708 7
1709 5
1710 6
1711 7
1712 4
1713 4
1714 5
1715 7
1716 4
1717 4
1718 5
1719 6
1720 5
1721 5
1722 6
1723 7
1724 7
1725 5
1726 7
1727 8
1728 0
1729 3
1730 5
1731 7
1732 3
1733 4
1734 5
1735 6
1736 6
1737 5
1738 6
1739 7
1740 8
1741 6
1742 7
1743 8
1744 5
1745 5
1746 6
1747 8
1748 5
1749 4
1750 5
1751 6
1752 6
1753 5
1754 6
1755 7
1756 8
1757 6
1758 7
1759 8
1760 5
1761 4
1762 6
1763 8
1764 4
1765 4
1766 6
1767 7
1768 7
1769 5
1770 7
1771 8
1772 9
1773 7
1774 8
1775 9
1776 7
1777 5
1778 7
1779 8
1780 5
1781 5
1782 6
1783 7
1784 7
1785 6
1786 7
1787 8
1788 9
1789 7
1790 8
1791 9
1792 8
1793 5
1794 7
1795 9
1796 4
1797 4
1798 6
1799 7
1800 7
1801 6
1802 7
1803 8
1804 10
1805 7
1806 8
1807 10
1808 7
1809 6
1810 7
1811 9
1812 5
1813 5
1814 6
1815 7
1816 7
1817 6
1818 7
1819 8
1820 9
1821 7
1822 8
1823 9
1824 0
1825 3
1826 5
1827 7
1828 2
1829 3
1830 5
1831 6
1832 5
1833 4
1834 6
1835 7
1836 7
1837 6
1838 7
1839 8
1840 4
1841 4
1842 6
1843 7
1844 4
1845 4
1846 5
1847 6
1848 6
1849 5
1850 6
1851 7
1852 8
1853 6
1854 7
1855 8
1856 1
1857 4
1858 6
1859 8
1860 4
1861 4
1862 5
1863 7
1864 6
1865 5
1866 7
1867 8
1868 9
1869 6
1870 8
1871 9
1872 6
1873 5
1874 7
1875 8
1876 5
1877 5
1878 6
1879 7
1880 7
1881 6
1882 7
1883 8
1884 8
1885 7
1886 8
1887 9
1888 7
1889 5
1890 7
1891 9
1892 5
1893 5
1894 6
1895 7
1896 7
1897 6
1898 7
1899 9
1900 10
1901 7
1902 8
1903 10
1904 8
1905 6
1906 7
1907 9
1908 6
1909 6
1910 7
1911 8
1912 8
1913 6
1914 7
1915 8
1916 9
1917 7
1918 8
1919 9
1920 8
1921 6
1922 8
1923 10
1924 5
1925 5
1926 7
1927 8
1928 8
1929 7
1930 8
1931 9
1932 11
1933 8
1934 9
1935 11
1936 8
1937 6
1938 8
1939 10
1940 6
1941 6
1942 7
1943 8
1944 8
1945 7
1946 8
1947 9
1948 10
1949 8
1950 9
1951 10
1952 0
1953 4
1954 6
1955 8
1956 3
1957 4
1958 5
1959 7
1960 6
1961 5
1962 6
1963 8
1964 8
1965 6
1966 7
1967 9
1968 5
1969 5
1970 6
1971 8
1972 5
1973 5
1974 6
1975 7
1976 6
1977 6
1978 7
1979 8
1980 8
1981 7
1982 8
1983 9
1984 2
1985 5
1986 7
1987 9
1988 4
1989 5
1990 6
1991 7
1992 7
1993 6
1994 7
1995 8
1996 9
1997 7
1998 8
1999 10
2000 6
2001 6
2002 7
2003 9
2004 5
2005 5
2006 6
2007 7
2008 7
2009 6
2010 7
2011 8
2012 9
2013 7
2014 8
2015 9
2016 8
2017 6
2018 8
2019 10
2020 6
2021 6
2022 7
2023 8
2024 8
2025 7
2026 8
2027 9
2028 10
2029 8
2030 9
2031 10
2032 8
2033 6
2034 8
2035 9
2036 6
2037 6
2038 7
2039 8
2040 8
2041 7
2042 8
2043 9
2044 10
2045 8
2046 9
2047 10
