#CSC Slope LUT
#Structure is comparator code (iCC) -> Stub slope
#iCC bits: 12
#<header> v1.0 12 32 </header>
0 0
1 0
2 0
3 0
4 0
5 0
6 0
7 0
8 0
9 0
10 0
11 0
12 0
13 0
14 0
15 0
16 0
17 0
18 0
19 0
20 0
21 2.5
22 2
23 1.5
24 0
25 2.5
26 2
27 1.5
28 0
29 2.5
30 2
31 1.5
32 0
33 0
34 0
35 0
36 0
37 1.71429
38 1.42857
39 1.14286
40 0
41 1.64286
42 1.35714
43 1.07143
44 0
45 1.57143
46 1.28571
47 1
48 0
49 1.78571
50 1.42857
51 1.07143
52 2
53 1.9
54 1.6
55 1.3
56 1.5
57 1.8
58 1.5
59 1.2
60 1
61 1.7
62 1.4
63 1.1
64 0
65 0
66 0
67 0
68 0
69 2.07143
70 1.78571
71 1.5
72 0
73 2
74 1.71429
75 1.42857
76 0
77 1.92857
78 1.64286
79 1.35714
80 0
81 2.07143
82 1.71429
83 1.35714
84 2.5
85 2.2
86 1.9
87 1.6
88 2
89 2.1
90 1.8
91 1.5
92 1.5
93 2
94 1.7
95 1.4
96 0
97 0
98 0
99 0
100 0
101 2.42857
102 2.14286
103 1.85714
104 0
105 2.35714
106 2.07143
107 1.78571
108 0
109 2.28571
110 2
111 1.71429
112 0
113 2.35714
114 2
115 1.64286
116 3
117 2.5
118 2.2
119 1.9
120 2.5
121 2.4
122 2.1
123 1.8
124 2
125 2.3
126 2
127 1.7
128 0
129 0
130 0
131 0
132 0
133 1.80769
134 1.61538
135 1.42308
136 0
137 1.73077
138 1.53846
139 1.34615
140 0
141 1.65385
142 1.46154
143 1.26923
144 0
145 1.75
146 1.5
147 1.25
148 1.85714
149 1.85714
150 1.65714
151 1.45714
152 1.57143
153 1.77143
154 1.57143
155 1.37143
156 1.28571
157 1.68571
158 1.48571
159 1.28571
160 0
161 1.73077
162 1.46154
163 1.19231
164 2
165 1.8
166 1.6
167 1.4
168 1.64286
169 1.7
170 1.5
171 1.3
172 1.28571
173 1.6
174 1.4
175 1.2
176 1
177 1.68571
178 1.42857
179 1.17143
180 1.8
181 1.8
182 1.6
183 1.4
184 1.5
185 1.7
186 1.5
187 1.3
188 1.2
189 1.6
190 1.4
191 1.2
192 0
193 1.80769
194 1.53846
195 1.26923
196 2.07143
197 1.9
198 1.7
199 1.5
200 1.71429
201 1.8
202 1.6
203 1.4
204 1.35714
205 1.7
206 1.5
207 1.3
208 1
209 1.77143
210 1.51429
211 1.25714
212 1.9
213 1.9
214 1.7
215 1.5
216 1.6
217 1.8
218 1.6
219 1.4
220 1.3
221 1.7
222 1.5
223 1.3
224 0
225 1.88462
226 1.61538
227 1.34615
228 2.14286
229 2
230 1.8
231 1.6
232 1.78571
233 1.9
234 1.7
235 1.5
236 1.42857
237 1.8
238 1.6
239 1.4
240 1
241 1.85714
242 1.6
243 1.34286
244 2
245 2
246 1.8
247 1.6
248 1.7
249 1.9
250 1.7
251 1.5
252 1.4
253 1.8
254 1.6
255 1.4
256 0
257 0
258 0
259 0
260 0
261 2.07692
262 1.88462
263 1.69231
264 0
265 2
266 1.80769
267 1.61538
268 0
269 1.92308
270 1.73077
271 1.53846
272 0
273 2
274 1.75
275 1.5
276 2.21429
277 2.11429
278 1.91429
279 1.71429
280 1.92857
281 2.02857
282 1.82857
283 1.62857
284 1.64286
285 1.94286
286 1.74286
287 1.54286
288 0
289 1.92308
290 1.65385
291 1.38462
292 2.28571
293 2
294 1.8
295 1.6
296 1.92857
297 1.9
298 1.7
299 1.5
300 1.57143
301 1.8
302 1.6
303 1.4
304 1.5
305 1.88571
306 1.62857
307 1.37143
308 2.1
309 2
310 1.8
311 1.6
312 1.8
313 1.9
314 1.7
315 1.5
316 1.5
317 1.8
318 1.6
319 1.4
320 0
321 2
322 1.73077
323 1.46154
324 2.35714
325 2.1
326 1.9
327 1.7
328 2
329 2
330 1.8
331 1.6
332 1.64286
333 1.9
334 1.7
335 1.5
336 1.5
337 1.97143
338 1.71429
339 1.45714
340 2.2
341 2.1
342 1.9
343 1.7
344 1.9
345 2
346 1.8
347 1.6
348 1.6
349 1.9
350 1.7
351 1.5
352 0
353 2.07692
354 1.80769
355 1.53846
356 2.42857
357 2.2
358 2
359 1.8
360 2.07143
361 2.1
362 1.9
363 1.7
364 1.71429
365 2
366 1.8
367 1.6
368 1.5
369 2.05714
370 1.8
371 1.54286
372 2.3
373 2.2
374 2
375 1.8
376 2
377 2.1
378 1.9
379 1.7
380 1.7
381 2
382 1.8
383 1.6
384 0
385 0
386 0
387 0
388 0
389 2.34615
390 2.15385
391 1.96154
392 0
393 2.26923
394 2.07692
395 1.88462
396 0
397 2.19231
398 2
399 1.80769
400 0
401 2.25
402 2
403 1.75
404 2.57143
405 2.37143
406 2.17143
407 1.97143
408 2.28571
409 2.28571
410 2.08571
411 1.88571
412 2
413 2.2
414 2
415 1.8
416 0
417 2.11538
418 1.84615
419 1.57692
420 2.57143
421 2.2
422 2
423 1.8
424 2.21429
425 2.1
426 1.9
427 1.7
428 1.85714
429 2
430 1.8
431 1.6
432 2
433 2.08571
434 1.82857
435 1.57143
436 2.4
437 2.2
438 2
439 1.8
440 2.1
441 2.1
442 1.9
443 1.7
444 1.8
445 2
446 1.8
447 1.6
448 0
449 2.19231
450 1.92308
451 1.65385
452 2.64286
453 2.3
454 2.1
455 1.9
456 2.28571
457 2.2
458 2
459 1.8
460 1.92857
461 2.1
462 1.9
463 1.7
464 2
465 2.17143
466 1.91429
467 1.65714
468 2.5
469 2.3
470 2.1
471 1.9
472 2.2
473 2.2
474 2
475 1.8
476 1.9
477 2.1
478 1.9
479 1.7
480 0
481 2.26923
482 2
483 1.73077
484 2.71429
485 2.4
486 2.2
487 2
488 2.35714
489 2.3
490 2.1
491 1.9
492 2
493 2.2
494 2
495 1.8
496 2
497 2.25714
498 2
499 1.74286
500 2.6
501 2.4
502 2.2
503 2
504 2.3
505 2.3
506 2.1
507 1.9
508 2
509 2.2
510 2
511 1.8
512 0
513 0
514 0
515 0
516 0
517 1.64286
518 1.5
519 1.35714
520 0
521 1.57143
522 1.42857
523 1.28571
524 0
525 1.5
526 1.35714
527 1.21429
528 0
529 1.55263
530 1.36842
531 1.18421
532 1.57692
533 1.64286
534 1.5
535 1.35714
536 1.38462
537 1.57143
538 1.42857
539 1.28571
540 1.19231
541 1.5
542 1.35714
543 1.21429
544 0
545 1.60526
546 1.39474
547 1.18421
548 1.75
549 1.66102
550 1.50847
551 1.35593
552 1.5
553 1.57627
554 1.42373
555 1.27119
556 1.25
557 1.49153
558 1.33898
559 1.18644
560 1.07143
561 1.53846
562 1.34615
563 1.15385
564 1.57143
565 1.63514
566 1.48649
567 1.33784
568 1.37143
569 1.55405
570 1.40541
571 1.25676
572 1.17143
573 1.47297
574 1.32432
575 1.17568
576 0
577 1.63158
578 1.42105
579 1.21053
580 1.75
581 1.71186
582 1.55932
583 1.40678
584 1.5
585 1.62712
586 1.47458
587 1.32203
588 1.25
589 1.54237
590 1.38983
591 1.23729
592 1
593 1.57692
594 1.38462
595 1.19231
596 1.6
597 1.68919
598 1.54054
599 1.39189
600 1.4
601 1.60811
602 1.45946
603 1.31081
604 1.2
605 1.52703
606 1.37838
607 1.22973
608 0
609 1.65789
610 1.44737
611 1.23684
612 1.75
613 1.76271
614 1.61017
615 1.45763
616 1.5
617 1.67797
618 1.52542
619 1.37288
620 1.25
621 1.59322
622 1.44068
623 1.28814
624 0.928571
625 1.61538
626 1.42308
627 1.23077
628 1.62857
629 1.74324
630 1.59459
631 1.44595
632 1.42857
633 1.66216
634 1.51351
635 1.36486
636 1.22857
637 1.58108
638 1.43243
639 1.28378
640 0
641 1.64286
642 1.42857
643 1.21429
644 1.80769
645 1.70588
646 1.55882
647 1.41176
648 1.53846
649 1.61765
650 1.47059
651 1.32353
652 1.26923
653 1.52941
654 1.38235
655 1.23529
656 1
657 1.55932
658 1.37288
659 1.18644
660 1.6
661 1.66279
662 1.52326
663 1.38372
664 1.4
665 1.5814
666 1.44186
667 1.30233
668 1.2
669 1.5
670 1.36047
671 1.22093
672 1.5
673 1.64286
674 1.42857
675 1.21429
676 1.8
677 1.7093
678 1.55814
679 1.40698
680 1.54286
681 1.61628
682 1.46512
683 1.31395
684 1.28571
685 1.52326
686 1.37209
687 1.22093
688 1.1
689 1.55405
690 1.36486
691 1.17568
692 1.6
693 1.65714
694 1.51429
695 1.37143
696 1.4
697 1.57143
698 1.42857
699 1.28571
700 1.2
701 1.48571
702 1.34286
703 1.2
704 1
705 1.64286
706 1.42857
707 1.21429
708 1.77143
709 1.73256
710 1.5814
711 1.43023
712 1.51429
713 1.63953
714 1.48837
715 1.33721
716 1.25714
717 1.54651
718 1.39535
719 1.24419
720 1
721 1.56757
722 1.37838
723 1.18919
724 1.6
725 1.68571
726 1.54286
727 1.4
728 1.4
729 1.6
730 1.45714
731 1.31429
732 1.2
733 1.51429
734 1.37143
735 1.22857
736 0.5
737 1.64286
738 1.42857
739 1.21429
740 1.74286
741 1.75581
742 1.60465
743 1.45349
744 1.48571
745 1.66279
746 1.51163
747 1.36047
748 1.22857
749 1.56977
750 1.4186
751 1.26744
752 0.9
753 1.58108
754 1.39189
755 1.2027
756 1.6
757 1.71429
758 1.57143
759 1.42857
760 1.4
761 1.62857
762 1.48571
763 1.34286
764 1.2
765 1.54286
766 1.4
767 1.25714
768 0
769 1.71429
770 1.5
771 1.28571
772 1.88462
773 1.79412
774 1.64706
775 1.5
776 1.61538
777 1.70588
778 1.55882
779 1.41176
780 1.34615
781 1.61765
782 1.47059
783 1.32353
784 1.07143
785 1.64407
786 1.45763
787 1.27119
788 1.7
789 1.75581
790 1.61628
791 1.47674
792 1.5
793 1.67442
794 1.53488
795 1.39535
796 1.3
797 1.59302
798 1.45349
799 1.31395
800 1.5
801 1.71429
802 1.5
803 1.28571
804 1.88571
805 1.7907
806 1.63953
807 1.48837
808 1.62857
809 1.69767
810 1.54651
811 1.39535
812 1.37143
813 1.60465
814 1.45349
815 1.30233
816 1.2
817 1.63514
818 1.44595
819 1.25676
820 1.7
821 1.74286
822 1.6
823 1.45714
824 1.5
825 1.65714
826 1.51429
827 1.37143
828 1.3
829 1.57143
830 1.42857
831 1.28571
832 1
833 1.71429
834 1.5
835 1.28571
836 1.85714
837 1.81395
838 1.66279
839 1.51163
840 1.6
841 1.72093
842 1.56977
843 1.4186
844 1.34286
845 1.62791
846 1.47674
847 1.32558
848 1.1
849 1.64865
850 1.45946
851 1.27027
852 1.7
853 1.77143
854 1.62857
855 1.48571
856 1.5
857 1.68571
858 1.54286
859 1.4
860 1.3
861 1.6
862 1.45714
863 1.31429
864 0.5
865 1.71429
866 1.5
867 1.28571
868 1.82857
869 1.83721
870 1.68605
871 1.53488
872 1.57143
873 1.74419
874 1.59302
875 1.44186
876 1.31429
877 1.65116
878 1.5
879 1.34884
880 1
881 1.66216
882 1.47297
883 1.28378
884 1.7
885 1.8
886 1.65714
887 1.51429
888 1.5
889 1.71429
890 1.57143
891 1.42857
892 1.3
893 1.62857
894 1.48571
895 1.34286
896 0
897 1.78571
898 1.57143
899 1.35714
900 1.96154
901 1.88235
902 1.73529
903 1.58824
904 1.69231
905 1.79412
906 1.64706
907 1.5
908 1.42308
909 1.70588
910 1.55882
911 1.41176
912 1.14286
913 1.72881
914 1.54237
915 1.35593
916 1.8
917 1.84884
918 1.7093
919 1.56977
920 1.6
921 1.76744
922 1.62791
923 1.48837
924 1.4
925 1.68605
926 1.54651
927 1.40698
928 1.5
929 1.78571
930 1.57143
931 1.35714
932 1.97143
933 1.87209
934 1.72093
935 1.56977
936 1.71429
937 1.77907
938 1.62791
939 1.47674
940 1.45714
941 1.68605
942 1.53488
943 1.38372
944 1.3
945 1.71622
946 1.52703
947 1.33784
948 1.8
949 1.82857
950 1.68571
951 1.54286
952 1.6
953 1.74286
954 1.6
955 1.45714
956 1.4
957 1.65714
958 1.51429
959 1.37143
960 1
961 1.78571
962 1.57143
963 1.35714
964 1.94286
965 1.89535
966 1.74419
967 1.59302
968 1.68571
969 1.80233
970 1.65116
971 1.5
972 1.42857
973 1.7093
974 1.55814
975 1.40698
976 1.2
977 1.72973
978 1.54054
979 1.35135
980 1.8
981 1.85714
982 1.71429
983 1.57143
984 1.6
985 1.77143
986 1.62857
987 1.48571
988 1.4
989 1.68571
990 1.54286
991 1.4
992 0.5
993 1.78571
994 1.57143
995 1.35714
996 1.91429
997 1.9186
998 1.76744
999 1.61628
1000 1.65714
1001 1.82558
1002 1.67442
1003 1.52326
1004 1.4
1005 1.73256
1006 1.5814
1007 1.43023
1008 1.1
1009 1.74324
1010 1.55405
1011 1.36486
1012 1.8
1013 1.88571
1014 1.74286
1015 1.6
1016 1.6
1017 1.8
1018 1.65714
1019 1.51429
1020 1.4
1021 1.71429
1022 1.57143
1023 1.42857
1024 0
1025 0
1026 0
1027 0
1028 0
1029 1.85714
1030 1.71429
1031 1.57143
1032 0
1033 1.78571
1034 1.64286
1035 1.5
1036 0
1037 1.71429
1038 1.57143
1039 1.42857
1040 0
1041 1.76316
1042 1.57895
1043 1.39474
1044 1.84615
1045 1.85714
1046 1.71429
1047 1.57143
1048 1.65385
1049 1.78571
1050 1.64286
1051 1.5
1052 1.46154
1053 1.71429
1054 1.57143
1055 1.42857
1056 0
1057 1.78947
1058 1.57895
1059 1.36842
1060 2
1061 1.84746
1062 1.69492
1063 1.54237
1064 1.75
1065 1.76271
1066 1.61017
1067 1.45763
1068 1.5
1069 1.67797
1070 1.52542
1071 1.37288
1072 1.42857
1073 1.73077
1074 1.53846
1075 1.34615
1076 1.82857
1077 1.82432
1078 1.67568
1079 1.52703
1080 1.62857
1081 1.74324
1082 1.59459
1083 1.44595
1084 1.42857
1085 1.66216
1086 1.51351
1087 1.36486
1088 0
1089 1.81579
1090 1.60526
1091 1.39474
1092 2
1093 1.89831
1094 1.74576
1095 1.59322
1096 1.75
1097 1.81356
1098 1.66102
1099 1.50847
1100 1.5
1101 1.72881
1102 1.57627
1103 1.42373
1104 1.35714
1105 1.76923
1106 1.57692
1107 1.38462
1108 1.85714
1109 1.87838
1110 1.72973
1111 1.58108
1112 1.65714
1113 1.7973
1114 1.64865
1115 1.5
1116 1.45714
1117 1.71622
1118 1.56757
1119 1.41892
1120 0
1121 1.84211
1122 1.63158
1123 1.42105
1124 2
1125 1.94915
1126 1.79661
1127 1.64407
1128 1.75
1129 1.86441
1130 1.71186
1131 1.55932
1132 1.5
1133 1.77966
1134 1.62712
1135 1.47458
1136 1.28571
1137 1.80769
1138 1.61538
1139 1.42308
1140 1.88571
1141 1.93243
1142 1.78378
1143 1.63514
1144 1.68571
1145 1.85135
1146 1.7027
1147 1.55405
1148 1.48571
1149 1.77027
1150 1.62162
1151 1.47297
1152 0
1153 1.78571
1154 1.57143
1155 1.35714
1156 2
1157 1.85294
1158 1.70588
1159 1.55882
1160 1.73077
1161 1.76471
1162 1.61765
1163 1.47059
1164 1.46154
1165 1.67647
1166 1.52941
1167 1.38235
1168 1.28571
1169 1.71186
1170 1.52542
1171 1.33898
1172 1.8
1173 1.81395
1174 1.67442
1175 1.53488
1176 1.6
1177 1.73256
1178 1.59302
1179 1.45349
1180 1.4
1181 1.65116
1182 1.51163
1183 1.37209
1184 2
1185 1.78571
1186 1.57143
1187 1.35714
1188 2
1189 1.84884
1190 1.69767
1191 1.54651
1192 1.74286
1193 1.75581
1194 1.60465
1195 1.45349
1196 1.48571
1197 1.66279
1198 1.51163
1199 1.36047
1200 1.4
1201 1.7027
1202 1.51351
1203 1.32432
1204 1.8
1205 1.8
1206 1.65714
1207 1.51429
1208 1.6
1209 1.71429
1210 1.57143
1211 1.42857
1212 1.4
1213 1.62857
1214 1.48571
1215 1.34286
1216 1.5
1217 1.78571
1218 1.57143
1219 1.35714
1220 1.97143
1221 1.87209
1222 1.72093
1223 1.56977
1224 1.71429
1225 1.77907
1226 1.62791
1227 1.47674
1228 1.45714
1229 1.68605
1230 1.53488
1231 1.38372
1232 1.3
1233 1.71622
1234 1.52703
1235 1.33784
1236 1.8
1237 1.82857
1238 1.68571
1239 1.54286
1240 1.6
1241 1.74286
1242 1.6
1243 1.45714
1244 1.4
1245 1.65714
1246 1.51429
1247 1.37143
1248 1
1249 1.78571
1250 1.57143
1251 1.35714
1252 1.94286
1253 1.89535
1254 1.74419
1255 1.59302
1256 1.68571
1257 1.80233
1258 1.65116
1259 1.5
1260 1.42857
1261 1.7093
1262 1.55814
1263 1.40698
1264 1.2
1265 1.72973
1266 1.54054
1267 1.35135
1268 1.8
1269 1.85714
1270 1.71429
1271 1.57143
1272 1.6
1273 1.77143
1274 1.62857
1275 1.48571
1276 1.4
1277 1.68571
1278 1.54286
1279 1.4
1280 0
1281 1.85714
1282 1.64286
1283 1.42857
1284 2.07692
1285 1.94118
1286 1.79412
1287 1.64706
1288 1.80769
1289 1.85294
1290 1.70588
1291 1.55882
1292 1.53846
1293 1.76471
1294 1.61765
1295 1.47059
1296 1.35714
1297 1.79661
1298 1.61017
1299 1.42373
1300 1.9
1301 1.90698
1302 1.76744
1303 1.62791
1304 1.7
1305 1.82558
1306 1.68605
1307 1.54651
1308 1.5
1309 1.74419
1310 1.60465
1311 1.46512
1312 2
1313 1.85714
1314 1.64286
1315 1.42857
1316 2.08571
1317 1.93023
1318 1.77907
1319 1.62791
1320 1.82857
1321 1.83721
1322 1.68605
1323 1.53488
1324 1.57143
1325 1.74419
1326 1.59302
1327 1.44186
1328 1.5
1329 1.78378
1330 1.59459
1331 1.40541
1332 1.9
1333 1.88571
1334 1.74286
1335 1.6
1336 1.7
1337 1.8
1338 1.65714
1339 1.51429
1340 1.5
1341 1.71429
1342 1.57143
1343 1.42857
1344 1.5
1345 1.85714
1346 1.64286
1347 1.42857
1348 2.05714
1349 1.95349
1350 1.80233
1351 1.65116
1352 1.8
1353 1.86047
1354 1.7093
1355 1.55814
1356 1.54286
1357 1.76744
1358 1.61628
1359 1.46512
1360 1.4
1361 1.7973
1362 1.60811
1363 1.41892
1364 1.9
1365 1.91429
1366 1.77143
1367 1.62857
1368 1.7
1369 1.82857
1370 1.68571
1371 1.54286
1372 1.5
1373 1.74286
1374 1.6
1375 1.45714
1376 1
1377 1.85714
1378 1.64286
1379 1.42857
1380 2.02857
1381 1.97674
1382 1.82558
1383 1.67442
1384 1.77143
1385 1.88372
1386 1.73256
1387 1.5814
1388 1.51429
1389 1.7907
1390 1.63953
1391 1.48837
1392 1.3
1393 1.81081
1394 1.62162
1395 1.43243
1396 1.9
1397 1.94286
1398 1.8
1399 1.65714
1400 1.7
1401 1.85714
1402 1.71429
1403 1.57143
1404 1.5
1405 1.77143
1406 1.62857
1407 1.48571
1408 0
1409 1.92857
1410 1.71429
1411 1.5
1412 2.15385
1413 2.02941
1414 1.88235
1415 1.73529
1416 1.88462
1417 1.94118
1418 1.79412
1419 1.64706
1420 1.61538
1421 1.85294
1422 1.70588
1423 1.55882
1424 1.42857
1425 1.88136
1426 1.69492
1427 1.50847
1428 2
1429 2
1430 1.86047
1431 1.72093
1432 1.8
1433 1.9186
1434 1.77907
1435 1.63953
1436 1.6
1437 1.83721
1438 1.69767
1439 1.55814
1440 2
1441 1.92857
1442 1.71429
1443 1.5
1444 2.17143
1445 2.01163
1446 1.86047
1447 1.7093
1448 1.91429
1449 1.9186
1450 1.76744
1451 1.61628
1452 1.65714
1453 1.82558
1454 1.67442
1455 1.52326
1456 1.6
1457 1.86486
1458 1.67568
1459 1.48649
1460 2
1461 1.97143
1462 1.82857
1463 1.68571
1464 1.8
1465 1.88571
1466 1.74286
1467 1.6
1468 1.6
1469 1.8
1470 1.65714
1471 1.51429
1472 1.5
1473 1.92857
1474 1.71429
1475 1.5
1476 2.14286
1477 2.03488
1478 1.88372
1479 1.73256
1480 1.88571
1481 1.94186
1482 1.7907
1483 1.63953
1484 1.62857
1485 1.84884
1486 1.69767
1487 1.54651
1488 1.5
1489 1.87838
1490 1.68919
1491 1.5
1492 2
1493 2
1494 1.85714
1495 1.71429
1496 1.8
1497 1.91429
1498 1.77143
1499 1.62857
1500 1.6
1501 1.82857
1502 1.68571
1503 1.54286
1504 1
1505 1.92857
1506 1.71429
1507 1.5
1508 2.11429
1509 2.05814
1510 1.90698
1511 1.75581
1512 1.85714
1513 1.96512
1514 1.81395
1515 1.66279
1516 1.6
1517 1.87209
1518 1.72093
1519 1.56977
1520 1.4
1521 1.89189
1522 1.7027
1523 1.51351
1524 2
1525 2.02857
1526 1.88571
1527 1.74286
1528 1.8
1529 1.94286
1530 1.8
1531 1.65714
1532 1.6
1533 1.85714
1534 1.71429
1535 1.57143
1536 0
1537 0
1538 0
1539 0
1540 0
1541 2.07143
1542 1.92857
1543 1.78571
1544 0
1545 2
1546 1.85714
1547 1.71429
1548 0
1549 1.92857
1550 1.78571
1551 1.64286
1552 0
1553 1.97368
1554 1.78947
1555 1.60526
1556 2.11538
1557 2.07143
1558 1.92857
1559 1.78571
1560 1.92308
1561 2
1562 1.85714
1563 1.71429
1564 1.73077
1565 1.92857
1566 1.78571
1567 1.64286
1568 0
1569 1.97368
1570 1.76316
1571 1.55263
1572 2.25
1573 2.0339
1574 1.88136
1575 1.72881
1576 2
1577 1.94915
1578 1.79661
1579 1.64407
1580 1.75
1581 1.86441
1582 1.71186
1583 1.55932
1584 1.78571
1585 1.92308
1586 1.73077
1587 1.53846
1588 2.08571
1589 2.01351
1590 1.86486
1591 1.71622
1592 1.88571
1593 1.93243
1594 1.78378
1595 1.63514
1596 1.68571
1597 1.85135
1598 1.7027
1599 1.55405
1600 0
1601 2
1602 1.78947
1603 1.57895
1604 2.25
1605 2.08475
1606 1.9322
1607 1.77966
1608 2
1609 2
1610 1.84746
1611 1.69492
1612 1.75
1613 1.91525
1614 1.76271
1615 1.61017
1616 1.71429
1617 1.96154
1618 1.76923
1619 1.57692
1620 2.11429
1621 2.06757
1622 1.91892
1623 1.77027
1624 1.91429
1625 1.98649
1626 1.83784
1627 1.68919
1628 1.71429
1629 1.90541
1630 1.75676
1631 1.60811
1632 0
1633 2.02632
1634 1.81579
1635 1.60526
1636 2.25
1637 2.13559
1638 1.98305
1639 1.83051
1640 2
1641 2.05085
1642 1.89831
1643 1.74576
1644 1.75
1645 1.9661
1646 1.81356
1647 1.66102
1648 1.64286
1649 2
1650 1.80769
1651 1.61538
1652 2.14286
1653 2.12162
1654 1.97297
1655 1.82432
1656 1.94286
1657 2.04054
1658 1.89189
1659 1.74324
1660 1.74286
1661 1.95946
1662 1.81081
1663 1.66216
1664 0
1665 1.92857
1666 1.71429
1667 1.5
1668 2.19231
1669 2
1670 1.85294
1671 1.70588
1672 1.92308
1673 1.91176
1674 1.76471
1675 1.61765
1676 1.65385
1677 1.82353
1678 1.67647
1679 1.52941
1680 1.57143
1681 1.86441
1682 1.67797
1683 1.49153
1684 2
1685 1.96512
1686 1.82558
1687 1.68605
1688 1.8
1689 1.88372
1690 1.74419
1691 1.60465
1692 1.6
1693 1.80233
1694 1.66279
1695 1.52326
1696 2.5
1697 1.92857
1698 1.71429
1699 1.5
1700 2.2
1701 1.98837
1702 1.83721
1703 1.68605
1704 1.94286
1705 1.89535
1706 1.74419
1707 1.59302
1708 1.68571
1709 1.80233
1710 1.65116
1711 1.5
1712 1.7
1713 1.85135
1714 1.66216
1715 1.47297
1716 2
1717 1.94286
1718 1.8
1719 1.65714
1720 1.8
1721 1.85714
1722 1.71429
1723 1.57143
1724 1.6
1725 1.77143
1726 1.62857
1727 1.48571
1728 2
1729 1.92857
1730 1.71429
1731 1.5
1732 2.17143
1733 2.01163
1734 1.86047
1735 1.7093
1736 1.91429
1737 1.9186
1738 1.76744
1739 1.61628
1740 1.65714
1741 1.82558
1742 1.67442
1743 1.52326
1744 1.6
1745 1.86486
1746 1.67568
1747 1.48649
1748 2
1749 1.97143
1750 1.82857
1751 1.68571
1752 1.8
1753 1.88571
1754 1.74286
1755 1.6
1756 1.6
1757 1.8
1758 1.65714
1759 1.51429
1760 1.5
1761 1.92857
1762 1.71429
1763 1.5
1764 2.14286
1765 2.03488
1766 1.88372
1767 1.73256
1768 1.88571
1769 1.94186
1770 1.7907
1771 1.63953
1772 1.62857
1773 1.84884
1774 1.69767
1775 1.54651
1776 1.5
1777 1.87838
1778 1.68919
1779 1.5
1780 2
1781 2
1782 1.85714
1783 1.71429
1784 1.8
1785 1.91429
1786 1.77143
1787 1.62857
1788 1.6
1789 1.82857
1790 1.68571
1791 1.54286
1792 0
1793 2
1794 1.78571
1795 1.57143
1796 2.26923
1797 2.08824
1798 1.94118
1799 1.79412
1800 2
1801 2
1802 1.85294
1803 1.70588
1804 1.73077
1805 1.91176
1806 1.76471
1807 1.61765
1808 1.64286
1809 1.94915
1810 1.76271
1811 1.57627
1812 2.1
1813 2.05814
1814 1.9186
1815 1.77907
1816 1.9
1817 1.97674
1818 1.83721
1819 1.69767
1820 1.7
1821 1.89535
1822 1.75581
1823 1.61628
1824 2.5
1825 2
1826 1.78571
1827 1.57143
1828 2.28571
1829 2.06977
1830 1.9186
1831 1.76744
1832 2.02857
1833 1.97674
1834 1.82558
1835 1.67442
1836 1.77143
1837 1.88372
1838 1.73256
1839 1.5814
1840 1.8
1841 1.93243
1842 1.74324
1843 1.55405
1844 2.1
1845 2.02857
1846 1.88571
1847 1.74286
1848 1.9
1849 1.94286
1850 1.8
1851 1.65714
1852 1.7
1853 1.85714
1854 1.71429
1855 1.57143
1856 2
1857 2
1858 1.78571
1859 1.57143
1860 2.25714
1861 2.09302
1862 1.94186
1863 1.7907
1864 2
1865 2
1866 1.84884
1867 1.69767
1868 1.74286
1869 1.90698
1870 1.75581
1871 1.60465
1872 1.7
1873 1.94595
1874 1.75676
1875 1.56757
1876 2.1
1877 2.05714
1878 1.91429
1879 1.77143
1880 1.9
1881 1.97143
1882 1.82857
1883 1.68571
1884 1.7
1885 1.88571
1886 1.74286
1887 1.6
1888 1.5
1889 2
1890 1.78571
1891 1.57143
1892 2.22857
1893 2.11628
1894 1.96512
1895 1.81395
1896 1.97143
1897 2.02326
1898 1.87209
1899 1.72093
1900 1.71429
1901 1.93023
1902 1.77907
1903 1.62791
1904 1.6
1905 1.95946
1906 1.77027
1907 1.58108
1908 2.1
1909 2.08571
1910 1.94286
1911 1.8
1912 1.9
1913 2
1914 1.85714
1915 1.71429
1916 1.7
1917 1.91429
1918 1.77143
1919 1.62857
1920 0
1921 2.07143
1922 1.85714
1923 1.64286
1924 2.34615
1925 2.17647
1926 2.02941
1927 1.88235
1928 2.07692
1929 2.08824
1930 1.94118
1931 1.79412
1932 1.80769
1933 2
1934 1.85294
1935 1.70588
1936 1.71429
1937 2.0339
1938 1.84746
1939 1.66102
1940 2.2
1941 2.15116
1942 2.01163
1943 1.87209
1944 2
1945 2.06977
1946 1.93023
1947 1.7907
1948 1.8
1949 1.98837
1950 1.84884
1951 1.7093
1952 2.5
1953 2.07143
1954 1.85714
1955 1.64286
1956 2.37143
1957 2.15116
1958 2
1959 1.84884
1960 2.11429
1961 2.05814
1962 1.90698
1963 1.75581
1964 1.85714
1965 1.96512
1966 1.81395
1967 1.66279
1968 1.9
1969 2.01351
1970 1.82432
1971 1.63514
1972 2.2
1973 2.11429
1974 1.97143
1975 1.82857
1976 2
1977 2.02857
1978 1.88571
1979 1.74286
1980 1.8
1981 1.94286
1982 1.8
1983 1.65714
1984 2
1985 2.07143
1986 1.85714
1987 1.64286
1988 2.34286
1989 2.17442
1990 2.02326
1991 1.87209
1992 2.08571
1993 2.0814
1994 1.93023
1995 1.77907
1996 1.82857
1997 1.98837
1998 1.83721
1999 1.68605
2000 1.8
2001 2.02703
2002 1.83784
2003 1.64865
2004 2.2
2005 2.14286
2006 2
2007 1.85714
2008 2
2009 2.05714
2010 1.91429
2011 1.77143
2012 1.8
2013 1.97143
2014 1.82857
2015 1.68571
2016 1.5
2017 2.07143
2018 1.85714
2019 1.64286
2020 2.31429
2021 2.19767
2022 2.04651
2023 1.89535
2024 2.05714
2025 2.10465
2026 1.95349
2027 1.80233
2028 1.8
2029 2.01163
2030 1.86047
2031 1.7093
2032 1.7
2033 2.04054
2034 1.85135
2035 1.66216
2036 2.2
2037 2.17143
2038 2.02857
2039 1.88571
2040 2
2041 2.08571
2042 1.94286
2043 1.8
2044 1.8
2045 2
2046 1.85714
2047 1.71429
