#CSC Position Offset LUT
#Structure is comparator code (iCC) -> Stub position offset
#iCC bits: 12
#<header> v1.0 12 32 </header>
0 8
1 8
2 8
3 8
4 8
5 8
6 8
7 8
8 8
9 8
10 8
11 8
12 8
13 8
14 8
15 8
16 8
17 8
18 8
19 8
20 8
21 7
22 7
23 6
24 8
25 9
26 8
27 7
28 8
29 10
30 9
31 9
32 8
33 8
34 8
35 8
36 8
37 4
38 4
39 5
40 8
41 5
42 6
43 6
44 8
45 6
46 7
47 7
48 8
49 5
50 6
51 7
52 5
53 5
54 5
55 6
56 7
57 6
58 6
59 7
60 8
61 7
62 7
63 8
64 8
65 8
66 8
67 8
68 8
69 6
70 7
71 7
72 8
73 7
74 8
75 9
76 8
77 9
78 9
79 10
80 8
81 7
82 8
83 9
84 7
85 7
86 7
87 8
88 8
89 8
90 8
91 8
92 9
93 8
94 9
95 9
96 8
97 8
98 8
99 8
100 8
101 9
102 9
103 10
104 8
105 10
106 10
107 11
108 8
109 11
110 12
111 12
112 8
113 9
114 10
115 11
116 8
117 8
118 9
119 9
120 9
121 9
122 10
123 10
124 11
125 10
126 11
127 11
128 8
129 8
130 8
131 8
132 8
133 4
134 5
135 6
136 8
137 5
138 6
139 7
140 8
141 6
142 7
143 9
144 8
145 5
146 7
147 8
148 5
149 5
150 6
151 7
152 7
153 6
154 7
155 7
156 9
157 7
158 8
159 8
160 8
161 4
162 6
163 7
164 4
165 4
166 5
167 6
168 6
169 5
170 6
171 7
172 9
173 6
174 7
175 8
176 7
177 5
178 6
179 7
180 5
181 5
182 5
183 6
184 7
185 5
186 6
187 7
188 8
189 6
190 7
191 8
192 8
193 5
194 7
195 9
196 5
197 5
198 6
199 7
200 7
201 6
202 7
203 8
204 10
205 7
206 8
207 9
208 9
209 6
210 7
211 8
212 6
213 5
214 6
215 7
216 8
217 6
218 7
219 8
220 9
221 7
222 8
223 9
224 8
225 6
226 8
227 10
228 6
229 6
230 7
231 8
232 9
233 7
234 8
235 9
236 11
237 8
238 9
239 10
240 10
241 7
242 8
243 9
244 7
245 6
246 7
247 8
248 8
249 7
250 8
251 9
252 10
253 8
254 9
255 10
256 8
257 8
258 8
259 8
260 8
261 6
262 7
263 8
264 8
265 7
266 8
267 9
268 8
269 8
270 9
271 10
272 8
273 7
274 8
275 9
276 6
277 6
278 7
279 8
280 8
281 7
282 8
283 9
284 10
285 8
286 9
287 10
288 8
289 5
290 7
291 8
292 4
293 5
294 6
295 7
296 7
297 6
298 7
299 8
300 9
301 7
302 8
303 9
304 7
305 6
306 7
307 8
308 5
309 5
310 6
311 7
312 7
313 6
314 7
315 8
316 9
317 7
318 8
319 9
320 8
321 6
322 8
323 10
324 6
325 6
326 7
327 8
328 8
329 7
330 8
331 9
332 10
333 8
334 9
335 10
336 8
337 7
338 8
339 9
340 6
341 6
342 7
343 8
344 8
345 7
346 8
347 9
348 10
349 8
350 9
351 10
352 8
353 7
354 9
355 11
356 7
357 7
358 8
359 9
360 9
361 8
362 9
363 10
364 12
365 9
366 10
367 11
368 9
369 8
370 9
371 10
372 7
373 7
374 8
375 9
376 9
377 8
378 9
379 10
380 11
381 9
382 10
383 11
384 8
385 8
386 8
387 8
388 8
389 7
390 8
391 10
392 8
393 9
394 10
395 11
396 8
397 10
398 11
399 12
400 8
401 8
402 9
403 11
404 7
405 7
406 8
407 9
408 9
409 8
410 9
411 10
412 11
413 9
414 10
415 11
416 8
417 6
418 8
419 10
420 5
421 6
422 7
423 8
424 7
425 7
426 8
427 9
428 10
429 8
430 9
431 10
432 6
433 7
434 8
435 9
436 6
437 6
438 7
439 8
440 8
441 7
442 8
443 9
444 9
445 8
446 9
447 10
448 8
449 7
450 9
451 11
452 6
453 7
454 8
455 9
456 9
457 8
458 9
459 10
460 11
461 9
462 10
463 11
464 7
465 7
466 9
467 10
468 7
469 7
470 8
471 9
472 8
473 8
474 9
475 10
476 10
477 9
478 10
479 11
480 8
481 9
482 10
483 12
484 7
485 8
486 9
487 10
488 10
489 9
490 10
491 11
492 12
493 10
494 11
495 12
496 9
497 8
498 10
499 11
500 8
501 8
502 9
503 10
504 9
505 9
506 10
507 11
508 11
509 10
510 11
511 11
512 8
513 8
514 8
515 8
516 8
517 4
518 5
519 7
520 8
521 5
522 7
523 8
524 8
525 7
526 8
527 9
528 8
529 5
530 7
531 9
532 5
533 5
534 6
535 7
536 7
537 6
538 7
539 8
540 9
541 7
542 8
543 9
544 8
545 4
546 6
547 8
548 4
549 4
550 5
551 6
552 6
553 5
554 6
555 7
556 9
557 6
558 7
559 8
560 7
561 5
562 6
563 8
564 5
565 5
566 6
567 7
568 7
569 5
570 6
571 7
572 8
573 6
574 7
575 8
576 8
577 5
578 7
579 9
580 5
581 5
582 6
583 7
584 8
585 6
586 7
587 8
588 10
589 7
590 8
591 9
592 9
593 6
594 7
595 9
596 6
597 5
598 6
599 7
600 8
601 6
602 7
603 8
604 9
605 7
606 8
607 9
608 8
609 6
610 8
611 10
612 7
613 6
614 7
615 8
616 9
617 7
618 8
619 9
620 12
621 8
622 9
623 10
624 10
625 7
626 8
627 10
628 7
629 6
630 7
631 8
632 9
633 7
634 8
635 9
636 10
637 8
638 9
639 10
640 8
641 4
642 6
643 8
644 4
645 4
646 5
647 6
648 7
649 5
650 6
651 8
652 10
653 6
654 8
655 9
656 8
657 5
658 7
659 8
660 5
661 5
662 6
663 7
664 7
665 6
666 7
667 8
668 9
669 7
670 8
671 9
672 4
673 4
674 6
675 8
676 4
677 4
678 5
679 6
680 6
681 5
682 6
683 7
684 9
685 6
686 7
687 8
688 7
689 5
690 6
691 8
692 5
693 4
694 5
695 7
696 7
697 5
698 6
699 7
700 8
701 6
702 7
703 8
704 9
705 5
706 7
707 9
708 5
709 4
710 6
711 7
712 7
713 6
714 7
715 8
716 10
717 7
718 8
719 9
720 8
721 6
722 7
723 9
724 6
725 5
726 6
727 7
728 8
729 6
730 7
731 8
732 9
733 7
734 8
735 9
736 15
737 6
738 8
739 10
740 6
741 5
742 7
743 8
744 9
745 6
746 8
747 9
748 11
749 7
750 9
751 10
752 10
753 6
754 8
755 9
756 7
757 6
758 7
759 8
760 8
761 7
762 8
763 9
764 10
765 8
766 9
767 10
768 8
769 5
770 7
771 9
772 5
773 5
774 6
775 7
776 8
777 6
778 7
779 9
780 11
781 7
782 8
783 10
784 9
785 6
786 7
787 9
788 6
789 5
790 6
791 7
792 8
793 6
794 7
795 8
796 10
797 7
798 8
799 9
800 5
801 4
802 6
803 8
804 4
805 4
806 6
807 7
808 7
809 5
810 7
811 8
812 9
813 7
814 8
815 9
816 7
817 5
818 7
819 8
820 5
821 5
822 6
823 7
824 7
825 6
826 7
827 8
828 9
829 7
830 8
831 9
832 11
833 6
834 8
835 9
836 6
837 5
838 6
839 8
840 8
841 6
842 7
843 9
844 10
845 7
846 9
847 10
848 9
849 6
850 8
851 9
852 6
853 6
854 7
855 8
856 8
857 7
858 8
859 9
860 10
861 7
862 8
863 9
864 15
865 7
866 9
867 11
868 7
869 6
870 7
871 8
872 9
873 7
874 8
875 10
876 12
877 8
878 9
879 11
880 11
881 7
882 8
883 10
884 7
885 6
886 7
887 8
888 9
889 7
890 8
891 9
892 11
893 8
894 9
895 10
896 8
897 6
898 8
899 11
900 6
901 5
902 7
903 8
904 9
905 7
906 8
907 9
908 12
909 8
910 9
911 11
912 9
913 7
914 8
915 10
916 6
917 6
918 7
919 8
920 8
921 7
922 8
923 9
924 10
925 8
926 9
927 10
928 7
929 5
930 7
931 9
932 5
933 5
934 6
935 7
936 7
937 6
938 7
939 9
940 10
941 7
942 8
943 10
944 8
945 6
946 7
947 9
948 6
949 6
950 7
951 8
952 8
953 6
954 7
955 8
956 9
957 7
958 8
959 9
960 12
961 6
962 8
963 10
964 6
965 6
966 7
967 8
968 9
969 7
970 8
971 9
972 11
973 8
974 9
975 10
976 9
977 7
978 8
979 10
980 7
981 6
982 7
983 8
984 8
985 7
986 8
987 9
988 10
989 8
990 9
991 10
992 15
993 7
994 9
995 11
996 7
997 7
998 8
999 9
1000 10
1001 8
1002 9
1003 10
1004 12
1005 9
1006 10
1007 11
1008 11
1009 8
1010 9
1011 11
1012 8
1013 7
1014 8
1015 9
1016 9
1017 8
1018 9
1019 10
1020 11
1021 9
1022 10
1023 11
1024 8
1025 8
1026 8
1027 8
1028 8
1029 5
1030 7
1031 8
1032 8
1033 7
1034 8
1035 9
1036 8
1037 8
1038 9
1039 11
1040 8
1041 6
1042 8
1043 10
1044 6
1045 6
1046 7
1047 8
1048 8
1049 7
1050 8
1051 9
1052 10
1053 8
1054 9
1055 10
1056 8
1057 5
1058 7
1059 9
1060 4
1061 5
1062 6
1063 7
1064 7
1065 6
1066 7
1067 8
1068 9
1069 7
1070 8
1071 9
1072 6
1073 6
1074 7
1075 8
1076 5
1077 5
1078 6
1079 7
1080 7
1081 6
1082 7
1083 8
1084 9
1085 7
1086 8
1087 9
1088 8
1089 6
1090 8
1091 10
1092 5
1093 6
1094 7
1095 8
1096 8
1097 7
1098 8
1099 9
1100 10
1101 8
1102 9
1103 10
1104 8
1105 6
1106 8
1107 9
1108 6
1109 6
1110 7
1111 8
1112 8
1113 7
1114 8
1115 9
1116 10
1117 8
1118 9
1119 10
1120 8
1121 7
1122 9
1123 11
1124 7
1125 7
1126 8
1127 9
1128 9
1129 8
1130 9
1131 10
1132 12
1133 9
1134 10
1135 11
1136 10
1137 7
1138 9
1139 10
1140 7
1141 7
1142 8
1143 9
1144 9
1145 8
1146 9
1147 10
1148 11
1149 9
1150 10
1151 11
1152 8
1153 5
1154 7
1155 9
1156 4
1157 4
1158 6
1159 7
1160 7
1161 6
1162 7
1163 8
1164 10
1165 7
1166 8
1167 10
1168 7
1169 6
1170 7
1171 9
1172 5
1173 5
1174 6
1175 7
1176 7
1177 6
1178 7
1179 8
1180 9
1181 7
1182 8
1183 9
1184 1
1185 4
1186 6
1187 8
1188 4
1189 4
1190 5
1191 7
1192 6
1193 5
1194 7
1195 8
1196 9
1197 6
1198 8
1199 9
1200 6
1201 5
1202 7
1203 8
1204 5
1205 5
1206 6
1207 7
1208 7
1209 6
1210 7
1211 8
1212 8
1213 7
1214 8
1215 9
1216 7
1217 5
1218 7
1219 9
1220 5
1221 5
1222 6
1223 7
1224 7
1225 6
1226 7
1227 9
1228 10
1229 7
1230 8
1231 10
1232 8
1233 6
1234 7
1235 9
1236 6
1237 6
1238 7
1239 8
1240 8
1241 6
1242 7
1243 8
1244 9
1245 7
1246 8
1247 9
1248 12
1249 6
1250 8
1251 10
1252 6
1253 6
1254 7
1255 8
1256 9
1257 7
1258 8
1259 9
1260 11
1261 8
1262 9
1263 10
1264 9
1265 7
1266 8
1267 10
1268 7
1269 6
1270 7
1271 8
1272 8
1273 7
1274 8
1275 9
1276 10
1277 8
1278 9
1279 10
1280 8
1281 6
1282 8
1283 10
1284 5
1285 5
1286 7
1287 8
1288 8
1289 7
1290 8
1291 9
1292 11
1293 8
1294 9
1295 11
1296 8
1297 6
1298 8
1299 10
1300 6
1301 6
1302 7
1303 8
1304 8
1305 7
1306 8
1307 9
1308 10
1309 8
1310 9
1311 10
1312 2
1313 5
1314 7
1315 9
1316 4
1317 5
1318 6
1319 7
1320 7
1321 6
1322 7
1323 8
1324 9
1325 7
1326 8
1327 10
1328 6
1329 6
1330 7
1331 9
1332 5
1333 5
1334 6
1335 7
1336 7
1337 6
1338 7
1339 8
1340 9
1341 7
1342 8
1343 9
1344 8
1345 6
1346 8
1347 10
1348 6
1349 6
1350 7
1351 8
1352 8
1353 7
1354 8
1355 9
1356 10
1357 8
1358 9
1359 10
1360 8
1361 6
1362 8
1363 9
1364 6
1365 6
1366 7
1367 8
1368 8
1369 7
1370 8
1371 9
1372 10
1373 8
1374 9
1375 10
1376 14
1377 7
1378 9
1379 11
1380 7
1381 6
1382 8
1383 9
1384 9
1385 8
1386 9
1387 10
1388 12
1389 9
1390 10
1391 11
1392 10
1393 7
1394 9
1395 10
1396 7
1397 7
1398 8
1399 9
1400 9
1401 8
1402 9
1403 10
1404 11
1405 8
1406 10
1407 11
1408 8
1409 7
1410 9
1411 11
1412 6
1413 6
1414 8
1415 9
1416 9
1417 7
1418 9
1419 10
1420 12
1421 9
1422 10
1423 11
1424 9
1425 7
1426 9
1427 10
1428 7
1429 7
1430 8
1431 9
1432 9
1433 8
1434 9
1435 10
1436 11
1437 9
1438 10
1439 11
1440 4
1441 6
1442 8
1443 10
1444 5
1445 5
1446 7
1447 8
1448 7
1449 7
1450 8
1451 9
1452 10
1453 8
1454 9
1455 10
1456 7
1457 6
1458 8
1459 9
1460 6
1461 6
1462 7
1463 8
1464 8
1465 7
1466 8
1467 9
1468 9
1469 8
1470 9
1471 10
1472 9
1473 7
1474 9
1475 11
1476 6
1477 6
1478 8
1479 9
1480 9
1481 7
1482 9
1483 10
1484 11
1485 8
1486 10
1487 11
1488 8
1489 7
1490 9
1491 10
1492 7
1493 7
1494 8
1495 9
1496 8
1497 7
1498 8
1499 10
1500 10
1501 8
1502 9
1503 10
1504 15
1505 8
1506 10
1507 12
1508 7
1509 7
1510 8
1511 10
1512 10
1513 8
1514 9
1515 11
1516 12
1517 9
1518 10
1519 12
1520 10
1521 8
1522 9
1523 11
1524 8
1525 7
1526 8
1527 9
1528 9
1529 8
1530 9
1531 10
1532 11
1533 9
1534 10
1535 11
1536 8
1537 8
1538 8
1539 8
1540 8
1541 7
1542 8
1543 9
1544 8
1545 8
1546 9
1547 11
1548 8
1549 9
1550 11
1551 12
1552 8
1553 7
1554 9
1555 11
1556 7
1557 7
1558 8
1559 9
1560 9
1561 8
1562 9
1563 10
1564 11
1565 9
1566 10
1567 11
1568 8
1569 5
1570 8
1571 10
1572 4
1573 5
1574 7
1575 8
1576 7
1577 7
1578 8
1579 9
1580 9
1581 8
1582 9
1583 10
1584 6
1585 6
1586 8
1587 9
1588 6
1589 6
1590 7
1591 8
1592 7
1593 7
1594 8
1595 9
1596 9
1597 8
1598 9
1599 10
1600 8
1601 7
1602 9
1603 11
1604 6
1605 6
1606 8
1607 9
1608 8
1609 8
1610 9
1611 10
1612 11
1613 9
1614 10
1615 11
1616 7
1617 7
1618 9
1619 10
1620 7
1621 7
1622 8
1623 9
1624 8
1625 8
1626 9
1627 10
1628 10
1629 9
1630 10
1631 11
1632 8
1633 8
1634 10
1635 12
1636 7
1637 7
1638 9
1639 10
1640 10
1641 9
1642 10
1643 11
1644 12
1645 10
1646 11
1647 12
1648 9
1649 8
1650 10
1651 11
1652 7
1653 8
1654 9
1655 10
1656 9
1657 8
1658 9
1659 10
1660 11
1661 9
1662 10
1663 11
1664 8
1665 5
1666 8
1667 10
1668 4
1669 5
1670 7
1671 8
1672 7
1673 6
1674 8
1675 9
1676 10
1677 8
1678 9
1679 10
1680 6
1681 6
1682 8
1683 9
1684 6
1685 6
1686 7
1687 8
1688 8
1689 7
1690 8
1691 9
1692 9
1693 8
1694 9
1695 10
1696 0
1697 5
1698 7
1699 9
1700 4
1701 5
1702 6
1703 7
1704 6
1705 6
1706 7
1707 8
1708 9
1709 7
1710 8
1711 9
1712 5
1713 5
1714 7
1715 8
1716 5
1717 5
1718 6
1719 7
1720 7
1721 6
1722 7
1723 8
1724 8
1725 7
1726 8
1727 9
1728 4
1729 6
1730 8
1731 10
1732 5
1733 5
1734 7
1735 8
1736 7
1737 7
1738 8
1739 9
1740 10
1741 8
1742 9
1743 10
1744 7
1745 6
1746 8
1747 9
1748 6
1749 6
1750 7
1751 8
1752 8
1753 7
1754 8
1755 9
1756 9
1757 8
1758 9
1759 10
1760 9
1761 7
1762 9
1763 11
1764 6
1765 6
1766 8
1767 9
1768 9
1769 7
1770 9
1771 10
1772 11
1773 8
1774 10
1775 11
1776 8
1777 7
1778 9
1779 10
1780 7
1781 7
1782 8
1783 9
1784 8
1785 7
1786 8
1787 10
1788 10
1789 8
1790 9
1791 10
1792 8
1793 6
1794 9
1795 11
1796 5
1797 6
1798 7
1799 9
1800 8
1801 7
1802 9
1803 10
1804 11
1805 9
1806 10
1807 11
1808 7
1809 7
1810 9
1811 10
1812 6
1813 6
1814 8
1815 9
1816 8
1817 7
1818 9
1819 10
1820 10
1821 8
1822 10
1823 11
1824 0
1825 5
1826 7
1827 9
1828 4
1829 5
1830 7
1831 8
1832 7
1833 6
1834 8
1835 9
1836 9
1837 8
1838 9
1839 10
1840 5
1841 6
1842 8
1843 9
1844 5
1845 6
1846 7
1847 8
1848 7
1849 7
1850 8
1851 9
1852 9
1853 8
1854 9
1855 10
1856 5
1857 6
1858 8
1859 10
1860 6
1861 6
1862 7
1863 9
1864 8
1865 7
1866 8
1867 10
1868 10
1869 8
1870 10
1871 11
1872 7
1873 7
1874 8
1875 10
1876 6
1877 6
1878 7
1879 8
1880 8
1881 7
1882 8
1883 9
1884 10
1885 8
1886 9
1887 10
1888 11
1889 8
1890 9
1891 11
1892 7
1893 7
1894 8
1895 9
1896 9
1897 8
1898 9
1899 10
1900 12
1901 9
1902 10
1903 12
1904 9
1905 8
1906 9
1907 11
1908 7
1909 7
1910 8
1911 9
1912 9
1913 8
1914 9
1915 10
1916 11
1917 9
1918 10
1919 11
1920 8
1921 8
1922 10
1923 12
1924 6
1925 7
1926 8
1927 10
1928 9
1929 8
1930 10
1931 11
1932 12
1933 9
1934 11
1935 12
1936 8
1937 8
1938 9
1939 11
1940 7
1941 7
1942 8
1943 9
1944 9
1945 8
1946 9
1947 10
1948 11
1949 9
1950 10
1951 11
1952 1
1953 6
1954 8
1955 10
1956 5
1957 6
1958 7
1959 8
1960 7
1961 7
1962 8
1963 10
1964 10
1965 8
1966 9
1967 11
1968 6
1969 7
1970 8
1971 10
1972 6
1973 6
1974 7
1975 8
1976 8
1977 7
1978 8
1979 9
1980 9
1981 8
1982 9
1983 10
1984 7
1985 7
1986 9
1987 11
1988 6
1989 7
1990 8
1991 9
1992 9
1993 8
1994 9
1995 10
1996 11
1997 9
1998 10
1999 11
2000 8
2001 7
2002 9
2003 10
2004 7
2005 7
2006 8
2007 9
2008 8
2009 8
2010 9
2011 10
2012 10
2013 9
2014 10
2015 11
2016 12
2017 8
2018 10
2019 12
2020 7
2021 8
2022 9
2023 10
2024 10
2025 9
2026 10
2027 11
2028 12
2029 10
2030 11
2031 12
2032 9
2033 8
2034 10
2035 11
2036 8
2037 8
2038 9
2039 10
2040 9
2041 9
2042 10
2043 11
2044 11
2045 9
2046 10
2047 11
