#CSC Position Offset LUT
#Structure is comparator code (iCC) -> Stub position offset
#iCC bits: 12
#<header> v1.0 12 32 </header>
0 8
1 8
2 8
3 8
4 8
5 8
6 8
7 8
8 8
9 8
10 8
11 8
12 8
13 8
14 8
15 8
16 8
17 8
18 8
19 8
20 8
21 9
22 8
23 7
24 8
25 10
26 9
27 9
28 8
29 12
30 11
31 10
32 8
33 8
34 8
35 8
36 8
37 7
38 8
39 9
40 8
41 9
42 9
43 10
44 8
45 10
46 10
47 11
48 8
49 7
50 8
51 9
52 8
53 8
54 8
55 8
56 9
57 8
58 9
59 9
60 11
61 9
62 10
63 10
64 8
65 8
66 8
67 8
68 8
69 10
70 10
71 11
72 8
73 11
74 12
75 12
76 8
77 12
78 13
79 13
80 8
81 9
82 10
83 11
84 9
85 9
86 10
87 10
88 11
89 10
90 11
91 11
92 12
93 11
94 11
95 12
96 8
97 8
98 8
99 8
100 8
101 12
102 13
103 13
104 8
105 13
106 14
107 15
108 8
109 15
110 15
111 15
112 8
113 11
114 12
115 13
116 11
117 11
118 11
119 12
120 12
121 12
122 12
123 13
124 14
125 13
126 13
127 14
128 8
129 8
130 8
131 8
132 8
133 7
134 8
135 9
136 8
137 8
138 9
139 10
140 8
141 9
142 11
143 12
144 8
145 7
146 8
147 9
148 8
149 7
150 8
151 9
152 10
153 8
154 9
155 10
156 12
157 9
158 10
159 11
160 8
161 6
162 8
163 10
164 8
165 7
166 8
167 9
168 10
169 8
170 9
171 10
172 13
173 9
174 10
175 11
176 8
177 7
178 8
179 9
180 8
181 7
182 8
183 9
184 10
185 8
186 9
187 10
188 11
189 9
190 10
191 11
192 8
193 7
194 9
195 11
196 9
197 8
198 9
199 10
200 12
201 9
202 10
203 11
204 14
205 10
206 11
207 12
208 9
209 8
210 9
211 10
212 9
213 8
214 9
215 10
216 11
217 9
218 10
219 11
220 12
221 10
222 11
223 11
224 8
225 9
226 11
227 12
228 10
229 9
230 10
231 11
232 13
233 10
234 11
235 12
236 15
237 11
238 12
239 13
240 11
241 9
242 10
243 11
244 10
245 9
246 10
247 11
248 11
249 10
250 11
251 11
252 13
253 11
254 11
255 12
256 8
257 8
258 8
259 8
260 8
261 9
262 10
263 11
264 8
265 10
266 11
267 12
268 8
269 11
270 12
271 14
272 8
273 8
274 9
275 11
276 9
277 8
278 9
279 10
280 11
281 9
282 10
283 11
284 13
285 10
286 11
287 12
288 8
289 7
290 9
291 11
292 9
293 8
294 9
295 10
296 11
297 9
298 10
299 11
300 13
301 10
302 11
303 12
304 7
305 7
306 9
307 10
308 8
309 8
310 9
311 10
312 10
313 9
314 10
315 11
316 12
317 10
318 11
319 11
320 8
321 9
322 10
323 12
324 10
325 9
326 10
327 11
328 12
329 10
330 11
331 12
332 15
333 11
334 12
335 13
336 9
337 8
338 10
339 11
340 9
341 9
342 10
343 11
344 11
345 10
346 11
347 11
348 13
349 11
350 11
351 12
352 8
353 10
354 12
355 14
356 11
357 10
358 11
359 12
360 13
361 11
362 12
363 13
364 15
365 12
366 13
367 14
368 10
369 9
370 11
371 12
372 10
373 10
374 11
375 11
376 12
377 11
378 11
379 12
380 14
381 11
382 12
383 13
384 8
385 8
386 8
387 8
388 8
389 10
390 12
391 13
392 8
393 12
394 13
395 14
396 8
397 13
398 14
399 15
400 8
401 9
402 11
403 12
404 10
405 10
406 11
407 12
408 12
409 11
410 12
411 12
412 13
413 12
414 13
415 13
416 8
417 8
418 10
419 12
420 9
421 9
422 10
423 11
424 12
425 10
426 11
427 12
428 14
429 11
430 12
431 13
432 7
433 8
434 10
435 11
436 9
437 9
438 10
439 11
440 11
441 10
442 11
443 11
444 12
445 11
446 11
447 12
448 8
449 10
450 12
451 13
452 10
453 10
454 11
455 12
456 13
457 11
458 12
459 13
460 15
461 12
462 13
463 14
464 8
465 9
466 11
467 12
468 10
469 10
470 11
471 11
472 11
473 11
474 11
475 12
476 13
477 11
478 12
479 13
480 8
481 11
482 13
483 15
484 12
485 11
486 12
487 13
488 14
489 12
490 13
491 14
492 15
493 13
494 14
495 15
496 9
497 10
498 12
499 13
500 11
501 11
502 11
503 12
504 12
505 11
506 12
507 13
508 14
509 12
510 13
511 14
512 8
513 8
514 8
515 8
516 8
517 8
518 9
519 11
520 8
521 9
522 11
523 12
524 8
525 11
526 12
527 14
528 8
529 7
530 9
531 11
532 9
533 8
534 9
535 10
536 11
537 9
538 10
539 11
540 13
541 10
542 11
543 12
544 8
545 7
546 9
547 11
548 8
549 8
550 9
551 10
552 11
553 9
554 10
555 11
556 13
557 10
558 11
559 12
560 7
561 7
562 9
563 10
564 8
565 8
566 9
567 10
568 10
569 9
570 10
571 11
572 12
573 10
574 11
575 11
576 8
577 8
578 10
579 12
580 10
581 9
582 10
583 11
584 12
585 10
586 11
587 12
588 15
589 11
590 12
591 13
592 9
593 8
594 10
595 11
596 9
597 8
598 9
599 10
600 11
601 9
602 10
603 11
604 13
605 10
606 11
607 12
608 8
609 10
610 12
611 14
612 11
613 10
614 11
615 12
616 14
617 11
618 12
619 13
620 15
621 12
622 13
623 14
624 11
625 9
626 11
627 12
628 10
629 9
630 10
631 11
632 12
633 10
634 11
635 12
636 14
637 11
638 12
639 13
640 8
641 6
642 9
643 11
644 8
645 7
646 9
647 10
648 11
649 9
650 10
651 11
652 14
653 10
654 11
655 13
656 7
657 7
658 9
659 10
660 8
661 7
662 9
663 10
664 10
665 8
666 10
667 11
668 12
669 9
670 11
671 12
672 5
673 6
674 8
675 10
676 8
677 7
678 8
679 10
680 10
681 8
682 10
683 11
684 13
685 9
686 11
687 12
688 7
689 7
690 8
691 10
692 8
693 7
694 8
695 9
696 10
697 8
698 9
699 10
700 11
701 9
702 10
703 11
704 11
705 8
706 9
707 11
708 9
709 8
710 9
711 10
712 12
713 9
714 10
715 12
716 14
717 10
718 11
719 13
720 9
721 8
722 9
723 11
724 9
725 8
726 9
727 10
728 11
729 9
730 10
731 11
732 12
733 10
734 11
735 12
736 15
737 9
738 11
739 13
740 10
741 9
742 10
743 11
744 13
745 10
746 11
747 12
748 15
749 11
750 12
751 13
752 11
753 8
754 10
755 11
756 10
757 9
758 10
759 11
760 11
761 10
762 11
763 12
764 13
765 10
766 11
767 12
768 8
769 8
770 10
771 12
772 9
773 8
774 10
775 11
776 12
777 9
778 11
779 12
780 15
781 11
782 12
783 13
784 8
785 8
786 9
787 11
788 9
789 8
790 9
791 10
792 11
793 9
794 10
795 11
796 13
797 10
798 11
799 12
800 7
801 7
802 9
803 11
804 9
805 8
806 9
807 10
808 11
809 9
810 10
811 11
812 13
813 10
814 11
815 13
816 8
817 7
818 9
819 10
820 8
821 8
822 9
823 10
824 10
825 9
826 10
827 11
828 12
829 10
830 11
831 12
832 12
833 8
834 10
835 12
836 10
837 9
838 10
839 11
840 12
841 10
842 11
843 12
844 15
845 11
846 12
847 13
848 9
849 8
850 10
851 11
852 9
853 9
854 10
855 11
856 11
857 9
858 10
859 11
860 13
861 10
862 11
863 12
864 15
865 9
866 11
867 13
868 11
869 9
870 11
871 12
872 13
873 11
874 12
875 13
876 15
877 12
878 13
879 14
880 11
881 9
882 11
883 12
884 10
885 9
886 10
887 11
888 12
889 10
890 11
891 12
892 14
893 11
894 12
895 13
896 8
897 9
898 11
899 13
900 10
901 9
902 10
903 12
904 13
905 10
906 12
907 13
908 15
909 12
910 13
911 14
912 9
913 8
914 10
915 12
916 9
917 9
918 10
919 11
920 11
921 10
922 11
923 12
924 13
925 11
926 12
927 13
928 8
929 8
930 10
931 12
932 9
933 9
934 10
935 11
936 12
937 10
938 11
939 12
940 14
941 11
942 12
943 13
944 8
945 8
946 9
947 11
948 9
949 8
950 9
951 10
952 11
953 9
954 10
955 11
956 12
957 10
958 11
959 12
960 14
961 9
962 11
963 13
964 10
965 9
966 11
967 12
968 13
969 10
970 12
971 13
972 15
973 11
974 13
975 14
976 10
977 9
978 10
979 12
980 10
981 9
982 10
983 11
984 11
985 10
986 11
987 12
988 13
989 11
990 12
991 13
992 15
993 10
994 12
995 14
996 12
997 10
998 11
999 13
1000 14
1001 11
1002 12
1003 14
1004 15
1005 12
1006 14
1007 15
1008 11
1009 10
1010 11
1011 13
1012 11
1013 10
1014 11
1015 12
1016 12
1017 11
1018 12
1019 13
1020 14
1021 12
1022 13
1023 14
1024 8
1025 8
1026 8
1027 8
1028 8
1029 9
1030 11
1031 12
1032 8
1033 11
1034 12
1035 14
1036 8
1037 12
1038 14
1039 15
1040 8
1041 9
1042 10
1043 12
1044 9
1045 9
1046 10
1047 11
1048 11
1049 10
1050 11
1051 12
1052 13
1053 11
1054 12
1055 13
1056 8
1057 8
1058 10
1059 12
1060 9
1061 8
1062 10
1063 11
1064 11
1065 10
1066 11
1067 12
1068 14
1069 11
1070 12
1071 13
1072 7
1073 8
1074 9
1075 11
1076 8
1077 8
1078 9
1079 10
1080 10
1081 9
1082 10
1083 11
1084 12
1085 10
1086 11
1087 12
1088 8
1089 9
1090 11
1091 13
1092 10
1093 9
1094 11
1095 12
1096 13
1097 11
1098 12
1099 13
1100 15
1101 12
1102 13
1103 14
1104 9
1105 9
1106 10
1107 12
1108 9
1109 9
1110 10
1111 11
1112 11
1113 10
1114 11
1115 12
1116 13
1117 11
1118 12
1119 13
1120 8
1121 10
1122 12
1123 14
1124 12
1125 10
1126 12
1127 13
1128 14
1129 12
1130 13
1131 14
1132 15
1133 13
1134 14
1135 15
1136 10
1137 10
1138 11
1139 13
1140 10
1141 10
1142 11
1143 12
1144 12
1145 11
1146 12
1147 13
1148 14
1149 12
1150 13
1151 14
1152 8
1153 7
1154 10
1155 12
1156 9
1157 8
1158 9
1159 11
1160 12
1161 9
1162 11
1163 12
1164 15
1165 11
1166 12
1167 13
1168 7
1169 7
1170 9
1171 11
1172 8
1173 8
1174 9
1175 10
1176 10
1177 9
1178 10
1179 11
1180 12
1181 10
1182 11
1183 12
1184 2
1185 7
1186 9
1187 11
1188 8
1189 8
1190 9
1191 10
1192 10
1193 9
1194 10
1195 11
1196 13
1197 10
1198 11
1199 12
1200 6
1201 7
1202 9
1203 10
1204 8
1205 8
1206 9
1207 10
1208 10
1209 9
1210 10
1211 11
1212 11
1213 10
1214 11
1215 12
1216 8
1217 8
1218 10
1219 12
1220 9
1221 9
1222 10
1223 11
1224 12
1225 10
1226 11
1227 12
1228 14
1229 11
1230 12
1231 13
1232 8
1233 8
1234 9
1235 11
1236 9
1237 8
1238 9
1239 10
1240 11
1241 9
1242 10
1243 11
1244 12
1245 10
1246 11
1247 12
1248 14
1249 9
1250 11
1251 13
1252 10
1253 9
1254 11
1255 12
1256 13
1257 10
1258 12
1259 13
1260 15
1261 11
1262 13
1263 14
1264 10
1265 9
1266 10
1267 12
1268 10
1269 9
1270 10
1271 11
1272 11
1273 10
1274 11
1275 12
1276 13
1277 11
1278 12
1279 13
1280 8
1281 8
1282 11
1283 13
1284 10
1285 9
1286 10
1287 12
1288 13
1289 10
1290 12
1291 13
1292 15
1293 11
1294 13
1295 14
1296 8
1297 8
1298 10
1299 12
1300 9
1301 9
1302 10
1303 11
1304 11
1305 10
1306 11
1307 12
1308 13
1309 11
1310 12
1311 13
1312 4
1313 8
1314 10
1315 12
1316 9
1317 8
1318 10
1319 11
1320 11
1321 9
1322 11
1323 12
1324 13
1325 11
1326 12
1327 13
1328 7
1329 8
1330 9
1331 11
1332 8
1333 8
1334 9
1335 10
1336 10
1337 9
1338 10
1339 11
1340 12
1341 10
1342 11
1343 12
1344 9
1345 9
1346 11
1347 13
1348 10
1349 9
1350 10
1351 12
1352 12
1353 10
1354 11
1355 13
1356 15
1357 11
1358 13
1359 14
1360 8
1361 9
1362 10
1363 12
1364 9
1365 9
1366 10
1367 11
1368 11
1369 10
1370 11
1371 12
1372 13
1373 11
1374 12
1375 13
1376 15
1377 10
1378 12
1379 14
1380 11
1381 10
1382 11
1383 12
1384 13
1385 11
1386 12
1387 14
1388 15
1389 12
1390 13
1391 15
1392 10
1393 9
1394 11
1395 12
1396 10
1397 10
1398 11
1399 12
1400 12
1401 10
1402 12
1403 13
1404 14
1405 11
1406 12
1407 13
1408 8
1409 9
1410 12
1411 14
1412 11
1413 10
1414 11
1415 13
1416 14
1417 11
1418 12
1419 14
1420 15
1421 12
1422 14
1423 15
1424 9
1425 9
1426 11
1427 12
1428 10
1429 9
1430 11
1431 12
1432 12
1433 10
1434 12
1435 13
1436 14
1437 11
1438 13
1439 14
1440 5
1441 8
1442 10
1443 12
1444 9
1445 9
1446 10
1447 11
1448 12
1449 10
1450 11
1451 13
1452 14
1453 11
1454 12
1455 14
1456 7
1457 8
1458 10
1459 11
1460 9
1461 9
1462 10
1463 11
1464 11
1465 10
1466 11
1467 12
1468 12
1469 11
1470 12
1471 13
1472 11
1473 9
1474 11
1475 13
1476 10
1477 10
1478 11
1479 12
1480 13
1481 11
1482 12
1483 13
1484 15
1485 12
1486 13
1487 14
1488 9
1489 9
1490 11
1491 12
1492 10
1493 9
1494 10
1495 12
1496 11
1497 10
1498 11
1499 12
1500 13
1501 11
1502 12
1503 13
1504 15
1505 11
1506 13
1507 15
1508 12
1509 11
1510 12
1511 13
1512 14
1513 12
1514 13
1515 14
1516 15
1517 13
1518 14
1519 15
1520 11
1521 10
1522 11
1523 13
1524 11
1525 10
1526 11
1527 12
1528 12
1529 11
1530 12
1531 13
1532 14
1533 12
1534 13
1535 14
1536 8
1537 8
1538 8
1539 8
1540 8
1541 11
1542 12
1543 14
1544 8
1545 12
1546 14
1547 15
1548 8
1549 14
1550 15
1551 15
1552 8
1553 10
1554 11
1555 13
1556 10
1557 10
1558 11
1559 12
1560 12
1561 11
1562 12
1563 13
1564 14
1565 12
1566 13
1567 14
1568 8
1569 9
1570 11
1571 13
1572 9
1573 9
1574 11
1575 12
1576 12
1577 10
1578 12
1579 13
1580 14
1581 12
1582 13
1583 14
1584 6
1585 8
1586 10
1587 11
1588 9
1589 9
1590 10
1591 11
1592 10
1593 10
1594 11
1595 12
1596 12
1597 11
1598 12
1599 13
1600 8
1601 10
1602 12
1603 14
1604 10
1605 10
1606 12
1607 13
1608 13
1609 12
1610 13
1611 14
1612 15
1613 13
1614 14
1615 15
1616 8
1617 9
1618 11
1619 12
1620 10
1621 10
1622 11
1623 12
1624 11
1625 11
1626 12
1627 13
1628 13
1629 12
1630 13
1631 14
1632 8
1633 11
1634 13
1635 15
1636 12
1637 11
1638 13
1639 14
1640 14
1641 13
1642 14
1643 15
1644 15
1645 14
1646 15
1647 15
1648 10
1649 10
1650 12
1651 13
1652 11
1653 11
1654 12
1655 13
1656 12
1657 12
1658 13
1659 14
1660 14
1661 13
1662 14
1663 14
1664 8
1665 8
1666 10
1667 13
1668 9
1669 9
1670 10
1671 12
1672 12
1673 10
1674 11
1675 13
1676 15
1677 11
1678 13
1679 14
1680 6
1681 8
1682 10
1683 11
1684 9
1685 9
1686 10
1687 11
1688 11
1689 10
1690 11
1691 12
1692 12
1693 11
1694 12
1695 13
1696 0
1697 7
1698 9
1699 11
1700 8
1701 8
1702 9
1703 11
1704 10
1705 9
1706 11
1707 12
1708 13
1709 10
1710 12
1711 13
1712 5
1713 8
1714 9
1715 11
1716 8
1717 8
1718 9
1719 10
1720 10
1721 9
1722 10
1723 11
1724 11
1725 10
1726 11
1727 12
1728 5
1729 8
1730 10
1731 12
1732 9
1733 9
1734 10
1735 11
1736 12
1737 10
1738 11
1739 13
1740 14
1741 11
1742 12
1743 14
1744 7
1745 8
1746 10
1747 11
1748 9
1749 9
1750 10
1751 11
1752 11
1753 10
1754 11
1755 12
1756 12
1757 11
1758 12
1759 13
1760 11
1761 9
1762 11
1763 13
1764 10
1765 10
1766 11
1767 12
1768 13
1769 11
1770 12
1771 13
1772 15
1773 12
1774 13
1775 14
1776 9
1777 9
1778 11
1779 12
1780 10
1781 9
1782 10
1783 12
1784 11
1785 10
1786 11
1787 12
1788 13
1789 11
1790 12
1791 13
1792 8
1793 9
1794 12
1795 14
1796 10
1797 10
1798 11
1799 12
1800 13
1801 11
1802 12
1803 14
1804 15
1805 12
1806 14
1807 15
1808 7
1809 9
1810 10
1811 12
1812 9
1813 9
1814 10
1815 12
1816 11
1817 10
1818 11
1819 13
1820 13
1821 11
1822 12
1823 14
1824 1
1825 8
1826 10
1827 12
1828 9
1829 9
1830 10
1831 11
1832 11
1833 10
1834 11
1835 12
1836 13
1837 11
1838 12
1839 14
1840 6
1841 8
1842 10
1843 11
1844 8
1845 9
1846 10
1847 11
1848 10
1849 10
1850 11
1851 12
1852 12
1853 10
1854 12
1855 13
1856 7
1857 9
1858 11
1859 13
1860 10
1861 10
1862 11
1863 12
1864 12
1865 11
1866 12
1867 13
1868 15
1869 12
1870 13
1871 14
1872 8
1873 9
1874 10
1875 12
1876 9
1877 9
1878 10
1879 11
1880 11
1881 10
1882 11
1883 12
1884 13
1885 11
1886 12
1887 13
1888 12
1889 10
1890 12
1891 14
1892 11
1893 10
1894 12
1895 13
1896 13
1897 12
1898 13
1899 14
1900 15
1901 13
1902 14
1903 15
1904 9
1905 10
1906 11
1907 13
1908 10
1909 10
1910 11
1911 12
1912 12
1913 11
1914 12
1915 13
1916 14
1917 12
1918 13
1919 14
1920 8
1921 10
1922 13
1923 15
1924 11
1925 11
1926 12
1927 13
1928 14
1929 12
1930 13
1931 15
1932 15
1933 13
1934 14
1935 15
1936 8
1937 10
1938 11
1939 13
1940 10
1941 10
1942 11
1943 12
1944 12
1945 11
1946 12
1947 13
1948 14
1949 12
1950 13
1951 14
1952 2
1953 9
1954 11
1955 13
1956 9
1957 10
1958 11
1959 12
1960 12
1961 11
1962 12
1963 13
1964 14
1965 12
1966 13
1967 14
1968 6
1969 9
1970 10
1971 12
1972 9
1973 9
1974 10
1975 11
1976 11
1977 10
1978 11
1979 12
1980 12
1981 11
1982 12
1983 13
1984 8
1985 10
1986 12
1987 14
1988 10
1989 10
1990 12
1991 13
1992 13
1993 11
1994 13
1995 14
1996 15
1997 12
1998 14
1999 15
2000 8
2001 9
2002 11
2003 12
2004 10
2005 10
2006 11
2007 12
2008 11
2009 11
2010 12
2011 13
2012 13
2013 12
2014 13
2015 14
2016 14
2017 11
2018 13
2019 15
2020 12
2021 11
2022 12
2023 14
2024 14
2025 12
2026 13
2027 15
2028 15
2029 13
2030 15
2031 15
2032 10
2033 10
2034 12
2035 13
2036 11
2037 11
2038 12
2039 13
2040 12
2041 11
2042 12
2043 13
2044 14
2045 12
2046 13
2047 14
