#CSC Position Offset LUT
#Structure is comparator code (iCC) -> Stub position offset
#iCC bits: 12
#<header> v1.0 12 32 </header>
0 8
1 8
2 8
3 8
4 8
5 8
6 8
7 8
8 8
9 8
10 8
11 8
12 8
13 8
14 8
15 8
16 8
17 8
18 8
19 8
20 8
21 7
22 7
23 6
24 8
25 9
26 8
27 7
28 8
29 10
30 9
31 9
32 8
33 8
34 8
35 8
36 8
37 6
38 7
39 7
40 8
41 7
42 8
43 9
44 8
45 9
46 9
47 10
48 8
49 7
50 8
51 9
52 7
53 7
54 7
55 8
56 8
57 8
58 8
59 8
60 9
61 8
62 9
63 9
64 8
65 8
66 8
67 8
68 8
69 9
70 9
71 10
72 8
73 10
74 10
75 11
76 8
77 11
78 12
79 12
80 8
81 9
82 10
83 11
84 8
85 8
86 9
87 9
88 9
89 9
90 10
91 10
92 11
93 10
94 11
95 11
96 8
97 8
98 8
99 8
100 8
101 11
102 12
103 12
104 8
105 12
106 13
107 13
108 8
109 13
110 14
111 15
112 8
113 11
114 12
115 13
116 9
117 10
118 11
119 11
120 11
121 11
122 11
123 12
124 12
125 12
126 12
127 13
128 8
129 8
130 8
131 8
132 8
133 6
134 7
135 8
136 8
137 7
138 8
139 9
140 8
141 8
142 9
143 10
144 8
145 7
146 8
147 9
148 6
149 6
150 7
151 8
152 8
153 7
154 8
155 9
156 10
157 8
158 9
159 10
160 8
161 6
162 8
163 10
164 6
165 6
166 7
167 8
168 8
169 7
170 8
171 9
172 10
173 8
174 9
175 10
176 8
177 7
178 8
179 9
180 6
181 6
182 7
183 8
184 8
185 7
186 8
187 9
188 10
189 8
190 9
191 10
192 8
193 7
194 9
195 11
196 7
197 7
198 8
199 9
200 9
201 8
202 9
203 10
204 12
205 9
206 10
207 11
208 9
209 8
210 9
211 10
212 7
213 7
214 8
215 9
216 9
217 8
218 9
219 10
220 11
221 9
222 10
223 11
224 8
225 9
226 11
227 12
228 8
229 8
230 9
231 10
232 10
233 9
234 10
235 11
236 13
237 10
238 11
239 12
240 11
241 9
242 10
243 11
244 8
245 8
246 9
247 10
248 10
249 9
250 10
251 11
252 11
253 10
254 11
255 11
256 8
257 8
258 8
259 8
260 8
261 7
262 8
263 10
264 8
265 9
266 10
267 11
268 8
269 10
270 11
271 12
272 8
273 8
274 9
275 11
276 7
277 7
278 8
279 9
280 9
281 8
282 9
283 10
284 11
285 9
286 10
287 11
288 8
289 7
290 9
291 11
292 6
293 7
294 8
295 9
296 9
297 8
298 9
299 10
300 11
301 9
302 10
303 11
304 7
305 7
306 9
307 10
308 7
309 7
310 8
311 9
312 8
313 8
314 9
315 10
316 10
317 9
318 10
319 11
320 8
321 9
322 10
323 12
324 7
325 8
326 9
327 10
328 10
329 9
330 10
331 11
332 12
333 10
334 11
335 12
336 9
337 8
338 10
339 11
340 8
341 8
342 9
343 10
344 9
345 9
346 10
347 11
348 11
349 10
350 11
351 11
352 8
353 10
354 12
355 14
356 9
357 9
358 10
359 11
360 11
361 10
362 11
363 12
364 13
365 11
366 12
367 13
368 10
369 9
370 11
371 12
372 8
373 9
374 10
375 11
376 10
377 10
378 11
379 11
380 12
381 11
382 11
383 12
384 8
385 8
386 8
387 8
388 8
389 9
390 10
391 11
392 8
393 10
394 12
395 13
396 8
397 12
398 13
399 14
400 8
401 9
402 11
403 12
404 8
405 9
406 10
407 11
408 10
409 10
410 11
411 12
412 12
413 11
414 12
415 12
416 8
417 8
418 10
419 12
420 7
421 8
422 9
423 10
424 9
425 9
426 10
427 11
428 12
429 10
430 11
431 12
432 7
433 8
434 10
435 11
436 7
437 8
438 9
439 10
440 9
441 9
442 10
443 11
444 11
445 10
446 11
447 11
448 8
449 10
450 12
451 13
452 8
453 9
454 10
455 11
456 10
457 10
458 11
459 12
460 13
461 11
462 12
463 13
464 8
465 9
466 11
467 12
468 8
469 9
470 10
471 11
472 10
473 10
474 11
475 11
476 11
477 11
478 11
479 12
480 8
481 11
482 13
483 15
484 9
485 10
486 11
487 12
488 12
489 11
490 12
491 13
492 14
493 12
494 13
495 14
496 9
497 10
498 12
499 13
500 9
501 10
502 11
503 11
504 11
505 11
506 11
507 12
508 12
509 11
510 12
511 13
512 8
513 8
514 8
515 8
516 8
517 5
518 7
519 8
520 8
521 7
522 8
523 9
524 8
525 8
526 9
527 11
528 8
529 6
530 8
531 10
532 6
533 6
534 7
535 8
536 8
537 7
538 8
539 9
540 10
541 8
542 9
543 10
544 8
545 6
546 8
547 10
548 5
549 6
550 7
551 8
552 8
553 7
554 8
555 9
556 10
557 8
558 9
559 10
560 8
561 6
562 8
563 9
564 6
565 6
566 7
567 8
568 8
569 7
570 8
571 9
572 10
573 8
574 9
575 10
576 8
577 7
578 9
579 11
580 7
581 7
582 8
583 9
584 9
585 8
586 9
587 10
588 12
589 9
590 10
591 11
592 10
593 7
594 9
595 10
596 7
597 7
598 8
599 9
600 9
601 8
602 9
603 10
604 11
605 9
606 10
607 11
608 8
609 9
610 11
611 13
612 8
613 8
614 9
615 10
616 11
617 9
618 10
619 11
620 13
621 10
622 11
623 12
624 12
625 8
626 10
627 11
628 8
629 8
630 9
631 10
632 10
633 9
634 10
635 11
636 12
637 10
638 11
639 11
640 8
641 6
642 8
643 10
644 5
645 5
646 7
647 8
648 8
649 7
650 8
651 9
652 11
653 8
654 9
655 11
656 8
657 6
658 8
659 10
660 6
661 6
662 7
663 8
664 8
665 7
666 8
667 9
668 10
669 8
670 9
671 10
672 8
673 6
674 8
675 10
676 6
677 6
678 7
679 8
680 8
681 7
682 8
683 9
684 10
685 8
686 9
687 10
688 8
689 6
690 8
691 9
692 6
693 6
694 7
695 8
696 8
697 7
698 8
699 9
700 10
701 8
702 9
703 10
704 14
705 7
706 9
707 11
708 7
709 6
710 8
711 9
712 9
713 8
714 9
715 10
716 12
717 9
718 10
719 11
720 10
721 7
722 9
723 10
724 7
725 7
726 8
727 9
728 9
729 8
730 9
731 10
732 11
733 8
734 10
735 11
736 15
737 8
738 10
739 12
740 8
741 7
742 8
743 10
744 10
745 8
746 10
747 11
748 13
749 9
750 11
751 12
752 11
753 8
754 10
755 11
756 8
757 7
758 8
759 9
760 10
761 8
762 9
763 10
764 11
765 9
766 10
767 11
768 8
769 7
770 9
771 11
772 6
773 6
774 8
775 9
776 9
777 7
778 9
779 10
780 12
781 9
782 10
783 11
784 9
785 7
786 9
787 10
788 7
789 7
790 8
791 9
792 9
793 8
794 9
795 10
796 11
797 9
798 10
799 11
800 9
801 7
802 9
803 11
804 6
805 6
806 8
807 9
808 9
809 7
810 9
811 10
812 11
813 8
814 10
815 11
816 8
817 7
818 9
819 10
820 7
821 7
822 8
823 9
824 8
825 7
826 8
827 10
828 10
829 8
830 9
831 10
832 15
833 8
834 10
835 12
836 7
837 7
838 8
839 10
840 10
841 8
842 9
843 11
844 12
845 9
846 10
847 12
848 10
849 8
850 9
851 11
852 8
853 7
854 8
855 9
856 9
857 8
858 9
859 10
860 11
861 9
862 10
863 11
864 15
865 9
866 11
867 13
868 9
869 8
870 9
871 10
872 11
873 9
874 10
875 11
876 13
877 10
878 11
879 13
880 12
881 9
882 10
883 12
884 8
885 8
886 9
887 10
888 10
889 9
890 10
891 11
892 12
893 10
894 11
895 12
896 8
897 8
898 10
899 13
900 7
901 7
902 8
903 10
904 10
905 8
906 10
907 11
908 13
909 10
910 11
911 12
912 10
913 8
914 10
915 11
916 7
917 7
918 8
919 9
920 9
921 8
922 9
923 10
924 11
925 9
926 10
927 11
928 11
929 8
930 9
931 11
932 7
933 7
934 8
935 9
936 9
937 8
938 9
939 10
940 12
941 9
942 10
943 12
944 9
945 8
946 9
947 11
948 7
949 7
950 8
951 9
952 9
953 8
954 9
955 10
956 11
957 9
958 10
959 11
960 15
961 9
962 11
963 13
964 8
965 8
966 9
967 10
968 10
969 9
970 10
971 11
972 13
973 10
974 11
975 12
976 11
977 8
978 10
979 11
980 8
981 8
982 9
983 10
984 10
985 9
986 10
987 11
988 11
989 10
990 11
991 12
992 15
993 10
994 12
995 14
996 9
997 9
998 10
999 11
1000 12
1001 10
1002 11
1003 12
1004 14
1005 11
1006 12
1007 13
1008 12
1009 9
1010 11
1011 12
1012 9
1013 8
1014 9
1015 10
1016 11
1017 9
1018 10
1019 11
1020 12
1021 10
1022 11
1023 12
1024 8
1025 8
1026 8
1027 8
1028 8
1029 7
1030 8
1031 9
1032 8
1033 8
1034 9
1035 11
1036 8
1037 9
1038 11
1039 12
1040 8
1041 7
1042 9
1043 11
1044 7
1045 7
1046 8
1047 9
1048 9
1049 8
1050 9
1051 10
1052 11
1053 9
1054 10
1055 11
1056 8
1057 7
1058 9
1059 11
1060 6
1061 6
1062 8
1063 9
1064 8
1065 8
1066 9
1067 10
1068 11
1069 9
1070 10
1071 11
1072 7
1073 7
1074 9
1075 10
1076 7
1077 7
1078 8
1079 9
1080 8
1081 8
1082 9
1083 10
1084 10
1085 9
1086 10
1087 11
1088 8
1089 8
1090 10
1091 12
1092 7
1093 7
1094 9
1095 10
1096 10
1097 9
1098 10
1099 11
1100 12
1101 10
1102 11
1103 12
1104 9
1105 8
1106 10
1107 11
1108 7
1109 8
1110 9
1111 10
1112 9
1113 8
1114 9
1115 10
1116 11
1117 9
1118 10
1119 11
1120 8
1121 10
1122 12
1123 14
1124 9
1125 8
1126 10
1127 11
1128 11
1129 10
1130 11
1131 12
1132 14
1133 11
1134 12
1135 13
1136 11
1137 9
1138 11
1139 12
1140 8
1141 8
1142 9
1143 10
1144 10
1145 9
1146 10
1147 11
1148 12
1149 10
1150 11
1151 12
1152 8
1153 6
1154 9
1155 11
1156 5
1157 6
1158 7
1159 9
1160 8
1161 7
1162 9
1163 10
1164 11
1165 9
1166 10
1167 11
1168 7
1169 7
1170 9
1171 10
1172 6
1173 6
1174 8
1175 9
1176 8
1177 7
1178 9
1179 10
1180 10
1181 8
1182 10
1183 11
1184 5
1185 6
1186 8
1187 10
1188 6
1189 6
1190 7
1191 9
1192 8
1193 7
1194 8
1195 10
1196 10
1197 8
1198 10
1199 11
1200 7
1201 7
1202 8
1203 10
1204 6
1205 6
1206 7
1207 8
1208 8
1209 7
1210 8
1211 9
1212 10
1213 8
1214 9
1215 10
1216 11
1217 8
1218 9
1219 11
1220 7
1221 7
1222 8
1223 9
1224 9
1225 8
1226 9
1227 10
1228 12
1229 9
1230 10
1231 12
1232 9
1233 8
1234 9
1235 11
1236 7
1237 7
1238 8
1239 9
1240 9
1241 8
1242 9
1243 10
1244 11
1245 9
1246 10
1247 11
1248 15
1249 9
1250 11
1251 13
1252 8
1253 8
1254 9
1255 10
1256 10
1257 9
1258 10
1259 11
1260 13
1261 10
1262 11
1263 12
1264 11
1265 8
1266 10
1267 11
1268 8
1269 8
1270 9
1271 10
1272 10
1273 9
1274 10
1275 11
1276 11
1277 10
1278 11
1279 12
1280 8
1281 8
1282 10
1283 12
1284 6
1285 7
1286 8
1287 10
1288 9
1289 8
1290 10
1291 11
1292 12
1293 9
1294 11
1295 12
1296 8
1297 8
1298 9
1299 11
1300 7
1301 7
1302 8
1303 9
1304 9
1305 8
1306 9
1307 10
1308 11
1309 9
1310 10
1311 11
1312 7
1313 7
1314 9
1315 11
1316 6
1317 7
1318 8
1319 9
1320 9
1321 8
1322 9
1323 10
1324 11
1325 9
1326 10
1327 11
1328 8
1329 7
1330 9
1331 10
1332 7
1333 7
1334 8
1335 9
1336 8
1337 8
1338 9
1339 10
1340 10
1341 9
1342 10
1343 11
1344 12
1345 8
1346 10
1347 12
1348 7
1349 8
1350 9
1351 10
1352 10
1353 9
1354 10
1355 11
1356 12
1357 10
1358 11
1359 12
1360 9
1361 8
1362 10
1363 11
1364 8
1365 8
1366 9
1367 10
1368 9
1369 9
1370 10
1371 11
1372 11
1373 9
1374 10
1375 11
1376 15
1377 9
1378 11
1379 13
1380 9
1381 8
1382 10
1383 11
1384 11
1385 9
1386 11
1387 12
1388 13
1389 11
1390 12
1391 13
1392 11
1393 9
1394 11
1395 12
1396 8
1397 8
1398 9
1399 10
1400 10
1401 9
1402 10
1403 11
1404 12
1405 10
1406 11
1407 12
1408 8
1409 9
1410 11
1411 13
1412 7
1413 8
1414 9
1415 11
1416 10
1417 9
1418 10
1419 12
1420 13
1421 10
1422 12
1423 13
1424 9
1425 8
1426 10
1427 12
1428 8
1429 8
1430 9
1431 10
1432 9
1433 9
1434 10
1435 11
1436 11
1437 10
1438 11
1439 12
1440 8
1441 8
1442 10
1443 12
1444 7
1445 7
1446 9
1447 10
1448 9
1449 9
1450 10
1451 11
1452 12
1453 10
1454 11
1455 12
1456 8
1457 8
1458 9
1459 11
1460 7
1461 8
1462 9
1463 10
1464 9
1465 8
1466 9
1467 10
1468 11
1469 9
1470 10
1471 11
1472 14
1473 9
1474 11
1475 13
1476 8
1477 8
1478 9
1479 11
1480 10
1481 9
1482 11
1483 12
1484 13
1485 10
1486 12
1487 13
1488 10
1489 9
1490 10
1491 12
1492 8
1493 8
1494 9
1495 10
1496 10
1497 9
1498 10
1499 11
1500 11
1501 10
1502 11
1503 12
1504 15
1505 10
1506 12
1507 14
1508 9
1509 9
1510 10
1511 11
1512 12
1513 10
1514 11
1515 13
1516 14
1517 11
1518 12
1519 14
1520 11
1521 10
1522 11
1523 13
1524 9
1525 9
1526 10
1527 11
1528 11
1529 10
1530 11
1531 12
1532 12
1533 11
1534 12
1535 13
1536 8
1537 8
1538 8
1539 8
1540 8
1541 8
1542 9
1543 11
1544 8
1545 9
1546 11
1547 12
1548 8
1549 11
1550 12
1551 14
1552 8
1553 9
1554 10
1555 12
1556 7
1557 8
1558 9
1559 10
1560 9
1561 9
1562 10
1563 11
1564 11
1565 10
1566 11
1567 12
1568 8
1569 8
1570 10
1571 12
1572 6
1573 7
1574 9
1575 10
1576 9
1577 8
1578 10
1579 11
1580 11
1581 10
1582 11
1583 12
1584 7
1585 8
1586 9
1587 11
1588 7
1589 7
1590 8
1591 9
1592 8
1593 8
1594 9
1595 10
1596 10
1597 9
1598 10
1599 11
1600 8
1601 9
1602 11
1603 13
1604 8
1605 8
1606 10
1607 11
1608 10
1609 9
1610 11
1611 12
1612 13
1613 11
1614 12
1615 13
1616 9
1617 9
1618 10
1619 12
1620 8
1621 8
1622 9
1623 10
1624 9
1625 9
1626 10
1627 11
1628 11
1629 10
1630 11
1631 12
1632 8
1633 10
1634 12
1635 14
1636 9
1637 9
1638 11
1639 12
1640 12
1641 10
1642 12
1643 13
1644 14
1645 12
1646 13
1647 14
1648 10
1649 10
1650 11
1651 13
1652 9
1653 9
1654 10
1655 11
1656 10
1657 10
1658 11
1659 12
1660 12
1661 11
1662 12
1663 13
1664 8
1665 7
1666 10
1667 12
1668 6
1669 7
1670 8
1671 10
1672 9
1673 8
1674 9
1675 11
1676 12
1677 9
1678 11
1679 12
1680 7
1681 7
1682 9
1683 11
1684 6
1685 7
1686 8
1687 9
1688 8
1689 8
1690 9
1691 10
1692 10
1693 9
1694 10
1695 11
1696 2
1697 7
1698 9
1699 11
1700 6
1701 7
1702 8
1703 9
1704 8
1705 8
1706 9
1707 10
1708 10
1709 9
1710 10
1711 11
1712 6
1713 7
1714 9
1715 10
1716 6
1717 7
1718 8
1719 9
1720 8
1721 8
1722 9
1723 10
1724 10
1725 9
1726 10
1727 11
1728 8
1729 8
1730 10
1731 12
1732 7
1733 7
1734 9
1735 10
1736 9
1737 9
1738 10
1739 11
1740 12
1741 10
1742 11
1743 12
1744 8
1745 8
1746 9
1747 11
1748 7
1749 8
1750 9
1751 10
1752 9
1753 8
1754 9
1755 10
1756 11
1757 9
1758 10
1759 11
1760 14
1761 9
1762 11
1763 13
1764 8
1765 8
1766 9
1767 11
1768 10
1769 9
1770 11
1771 12
1772 13
1773 10
1774 12
1775 13
1776 10
1777 9
1778 10
1779 12
1780 8
1781 8
1782 9
1783 10
1784 10
1785 9
1786 10
1787 11
1788 11
1789 10
1790 11
1791 12
1792 8
1793 8
1794 11
1795 13
1796 7
1797 8
1798 9
1799 10
1800 10
1801 9
1802 10
1803 12
1804 13
1805 10
1806 12
1807 13
1808 8
1809 8
1810 10
1811 12
1812 7
1813 8
1814 9
1815 10
1816 9
1817 9
1818 10
1819 11
1820 11
1821 10
1822 11
1823 12
1824 4
1825 8
1826 10
1827 12
1828 6
1829 7
1830 9
1831 10
1832 9
1833 8
1834 10
1835 11
1836 11
1837 9
1838 11
1839 12
1840 7
1841 8
1842 9
1843 11
1844 7
1845 7
1846 8
1847 9
1848 8
1849 8
1850 9
1851 10
1852 10
1853 9
1854 10
1855 11
1856 9
1857 9
1858 11
1859 13
1860 7
1861 8
1862 9
1863 11
1864 10
1865 9
1866 10
1867 12
1868 12
1869 10
1870 11
1871 13
1872 8
1873 9
1874 10
1875 12
1876 8
1877 8
1878 9
1879 10
1880 9
1881 9
1882 10
1883 11
1884 11
1885 10
1886 11
1887 12
1888 15
1889 10
1890 12
1891 14
1892 9
1893 9
1894 10
1895 11
1896 11
1897 10
1898 11
1899 12
1900 13
1901 11
1902 12
1903 14
1904 10
1905 9
1906 11
1907 12
1908 8
1909 9
1910 10
1911 11
1912 10
1913 10
1914 11
1915 12
1916 12
1917 10
1918 12
1919 13
1920 8
1921 9
1922 12
1923 14
1924 8
1925 9
1926 10
1927 11
1928 11
1929 10
1930 11
1931 13
1932 14
1933 11
1934 12
1935 14
1936 9
1937 9
1938 11
1939 12
1940 8
1941 8
1942 10
1943 11
1944 10
1945 9
1946 11
1947 12
1948 12
1949 10
1950 12
1951 13
1952 5
1953 8
1954 10
1955 12
1956 7
1957 8
1958 9
1959 10
1960 9
1961 9
1962 10
1963 11
1964 12
1965 10
1966 11
1967 13
1968 7
1969 8
1970 10
1971 11
1972 7
1973 8
1974 9
1975 10
1976 9
1977 9
1978 10
1979 11
1980 11
1981 10
1982 11
1983 12
1984 11
1985 9
1986 11
1987 13
1988 8
1989 9
1990 10
1991 11
1992 10
1993 10
1994 11
1995 12
1996 13
1997 11
1998 12
1999 13
2000 9
2001 9
2002 11
2003 12
2004 8
2005 9
2006 10
2007 11
2008 10
2009 9
2010 10
2011 12
2012 11
2013 10
2014 11
2015 12
2016 15
2017 11
2018 13
2019 15
2020 9
2021 10
2022 11
2023 12
2024 12
2025 11
2026 12
2027 13
2028 14
2029 12
2030 13
2031 14
2032 11
2033 10
2034 11
2035 13
2036 9
2037 9
2038 10
2039 11
2040 11
2041 10
2042 11
2043 12
2044 12
2045 11
2046 12
2047 13
