#CSC Slope LUT
#Structure is comparator code (iCC) -> Stub slope
#iCC bits: 12
#<header> v1.0 12 32 </header>
0 16
1 16
2 16
3 16
4 16
5 16
6 16
7 16
8 16
9 16
10 16
11 16
12 16
13 16
14 16
15 16
16 16
17 16
18 16
19 16
20 16
21 4
22 8
23 12
24 16
25 4
26 8
27 12
28 16
29 4
30 8
31 12
32 16
33 16
34 16
35 16
36 16
37 5
38 7
39 9
40 16
41 5
42 8
43 10
44 16
45 6
46 8
47 10
48 16
49 5
50 8
51 10
52 4
53 4
54 7
55 9
56 8
57 5
58 8
59 10
60 12
61 6
62 8
63 11
64 16
65 16
66 16
67 16
68 16
69 2
70 4
71 6
72 16
73 2
74 5
75 7
76 16
77 3
78 5
79 8
80 16
81 2
82 5
83 8
84 0
85 2
86 4
87 7
88 4
89 3
90 5
91 8
92 8
93 4
94 6
95 8
96 16
97 16
98 16
99 16
100 16
101 16
102 1
103 4
104 16
105 16
106 2
107 4
108 16
109 0
110 2
111 5
112 16
113 0
114 3
115 6
116 20
117 0
118 2
119 4
120 16
121 0
122 3
123 5
124 4
125 1
126 4
127 6
128 16
129 16
130 16
131 16
132 16
133 5
134 7
135 8
136 16
137 6
138 8
139 9
140 16
141 7
142 8
143 10
144 16
145 6
146 8
147 10
148 5
149 5
150 7
151 8
152 8
153 6
154 8
155 9
156 10
157 7
158 8
159 10
160 16
161 5
162 8
163 10
164 5
165 5
166 7
167 8
168 8
169 6
170 8
171 9
172 10
173 7
174 8
175 10
176 8
177 5
178 7
179 10
180 5
181 5
182 7
183 8
184 8
185 6
186 8
187 9
188 10
189 7
190 8
191 10
192 16
193 5
194 7
195 9
196 4
197 4
198 6
199 8
200 7
201 5
202 7
203 8
204 10
205 6
206 8
207 9
208 8
209 5
210 7
211 9
212 4
213 4
214 6
215 8
216 7
217 5
218 7
219 8
220 9
221 6
222 8
223 9
224 16
225 4
226 6
227 8
228 4
229 4
230 5
231 7
232 6
233 4
234 6
235 8
236 9
237 5
238 7
239 8
240 8
241 4
242 6
243 8
244 4
245 4
246 5
247 7
248 6
249 4
250 6
251 8
252 8
253 5
254 7
255 8
256 16
257 16
258 16
259 16
260 16
261 3
262 5
263 6
264 16
265 4
266 5
267 7
268 16
269 4
270 6
271 8
272 16
273 4
274 6
275 8
276 2
277 3
278 5
279 6
280 5
281 4
282 5
283 7
284 7
285 5
286 6
287 8
288 16
289 4
290 6
291 8
292 2
293 4
294 5
295 7
296 5
297 4
298 6
299 8
300 8
301 5
302 7
303 8
304 4
305 4
306 6
307 8
308 3
309 4
310 5
311 7
312 5
313 4
314 6
315 8
316 8
317 5
318 7
319 8
320 16
321 3
322 5
323 8
324 2
325 3
326 4
327 6
328 5
329 4
330 5
331 7
332 8
333 4
334 6
335 8
336 4
337 3
338 5
339 7
340 2
341 3
342 4
343 6
344 4
345 4
346 5
347 7
348 7
349 4
350 6
351 8
352 16
353 3
354 5
355 7
356 1
357 2
358 4
359 5
360 4
361 3
362 4
363 6
364 7
365 4
366 5
367 7
368 4
369 2
370 5
371 7
372 1
373 2
374 4
375 5
376 4
377 3
378 4
379 6
380 6
381 4
382 5
383 7
384 16
385 16
386 16
387 16
388 16
389 1
390 3
391 4
392 16
393 2
394 3
395 5
396 16
397 2
398 4
399 5
400 16
401 2
402 4
403 6
404 16
405 1
406 3
407 4
408 2
409 2
410 3
411 5
412 4
413 2
414 4
415 6
416 16
417 2
418 4
419 7
420 0
421 2
422 4
423 5
424 3
425 3
426 4
427 6
428 6
429 4
430 5
431 7
432 16
433 2
434 4
435 6
436 0
437 2
438 4
439 5
440 3
441 3
442 4
443 6
444 5
445 4
446 5
447 7
448 16
449 2
450 4
451 6
452 16
453 1
454 3
455 4
456 2
457 2
458 4
459 5
460 5
461 3
462 4
463 6
464 16
465 2
466 4
467 6
468 0
469 1
470 3
471 4
472 2
473 2
474 4
475 5
476 4
477 3
478 4
479 6
480 16
481 1
482 3
483 5
484 16
485 0
486 2
487 4
488 2
489 1
490 3
491 4
492 5
493 2
494 4
495 5
496 16
497 1
498 3
499 5
500 16
501 0
502 2
503 4
504 1
505 1
506 3
507 4
508 4
509 2
510 4
511 5
512 16
513 16
514 16
515 16
516 16
517 6
518 7
519 8
520 16
521 6
522 8
523 9
524 16
525 7
526 8
527 9
528 16
529 6
530 8
531 9
532 6
533 6
534 7
535 8
536 8
537 6
538 8
539 9
540 9
541 7
542 8
543 9
544 16
545 6
546 8
547 9
548 6
549 6
550 7
551 8
552 8
553 6
554 8
555 9
556 10
557 7
558 8
559 9
560 8
561 6
562 8
563 9
564 6
565 6
566 7
567 8
568 8
569 6
570 8
571 9
572 9
573 7
574 8
575 9
576 16
577 6
578 7
579 9
580 6
581 5
582 6
583 8
584 8
585 6
586 7
587 8
588 10
589 7
590 8
591 9
592 8
593 6
594 7
595 9
596 6
597 5
598 6
599 8
600 7
601 6
602 7
603 8
604 9
605 7
606 8
607 9
608 16
609 5
610 7
611 9
612 6
613 5
614 6
615 7
616 8
617 5
618 7
619 8
620 10
621 6
622 7
623 9
624 9
625 5
626 7
627 8
628 5
629 5
630 6
631 7
632 7
633 5
634 7
635 8
636 9
637 6
638 7
639 8
640 16
641 6
642 8
643 9
644 5
645 6
646 7
647 8
648 8
649 6
650 8
651 9
652 10
653 7
654 8
655 9
656 8
657 6
658 8
659 9
660 6
661 6
662 7
663 8
664 8
665 6
666 8
667 9
668 9
669 7
670 8
671 9
672 8
673 6
674 8
675 9
676 5
677 6
678 7
679 8
680 8
681 6
682 8
683 9
684 10
685 7
686 8
687 9
688 8
689 6
690 8
691 9
692 6
693 6
694 7
695 8
696 8
697 6
698 8
699 9
700 9
701 7
702 8
703 9
704 12
705 6
706 8
707 9
708 6
709 5
710 7
711 8
712 8
713 6
714 7
715 9
716 10
717 7
718 8
719 9
720 8
721 6
722 7
723 9
724 6
725 5
726 7
727 8
728 8
729 6
730 7
731 8
732 9
733 7
734 8
735 9
736 15
737 6
738 8
739 9
740 6
741 5
742 6
743 8
744 8
745 6
746 7
747 8
748 10
749 7
750 8
751 9
752 9
753 6
754 7
755 9
756 6
757 5
758 6
759 7
760 8
761 6
762 7
763 8
764 9
765 7
766 8
767 9
768 16
769 5
770 7
771 9
772 5
773 5
774 6
775 7
776 7
777 6
778 7
779 8
780 9
781 6
782 8
783 9
784 7
785 5
786 7
787 8
788 5
789 5
790 6
791 7
792 7
793 6
794 7
795 8
796 8
797 6
798 7
799 9
800 8
801 5
802 7
803 9
804 5
805 5
806 6
807 7
808 7
809 6
810 7
811 8
812 9
813 6
814 8
815 9
816 7
817 5
818 7
819 8
820 5
821 5
822 6
823 7
824 7
825 6
826 7
827 8
828 8
829 6
830 7
831 9
832 12
833 5
834 7
835 9
836 5
837 5
838 6
839 7
840 7
841 5
842 7
843 8
844 9
845 6
846 7
847 9
848 8
849 5
850 7
851 8
852 5
853 5
854 6
855 7
856 7
857 5
858 7
859 8
860 8
861 6
862 7
863 8
864 15
865 5
866 7
867 9
868 5
869 5
870 6
871 7
872 7
873 5
874 6
875 8
876 9
877 6
878 7
879 8
880 8
881 5
882 7
883 8
884 5
885 5
886 6
887 7
888 7
889 5
890 6
891 7
892 8
893 6
894 7
895 8
896 16
897 5
898 6
899 8
900 4
901 4
902 5
903 7
904 6
905 5
906 6
907 7
908 8
909 6
910 7
911 8
912 6
913 5
914 6
915 8
916 4
917 4
918 5
919 6
920 6
921 5
922 6
923 7
924 8
925 6
926 7
927 8
928 8
929 5
930 6
931 8
932 4
933 4
934 5
935 7
936 6
937 5
938 6
939 7
940 8
941 6
942 7
943 8
944 6
945 5
946 6
947 8
948 4
949 4
950 5
951 7
952 6
953 5
954 6
955 7
956 8
957 6
958 7
959 8
960 12
961 5
962 6
963 8
964 4
965 4
966 5
967 6
968 6
969 5
970 6
971 7
972 8
973 6
974 7
975 8
976 7
977 5
978 6
979 8
980 4
981 4
982 5
983 6
984 6
985 5
986 6
987 7
988 8
989 5
990 7
991 8
992 15
993 5
994 6
995 8
996 5
997 4
998 5
999 6
1000 7
1001 5
1002 6
1003 7
1004 9
1005 5
1006 7
1007 8
1008 8
1009 4
1010 6
1011 8
1012 4
1013 4
1014 5
1015 6
1016 6
1017 5
1018 6
1019 7
1020 8
1021 5
1022 6
1023 8
1024 16
1025 16
1026 16
1027 16
1028 16
1029 4
1030 5
1031 6
1032 16
1033 5
1034 6
1035 7
1036 16
1037 5
1038 6
1039 8
1040 16
1041 4
1042 6
1043 7
1044 4
1045 4
1046 5
1047 6
1048 5
1049 5
1050 6
1051 7
1052 7
1053 5
1054 6
1055 8
1056 16
1057 4
1058 6
1059 8
1060 4
1061 4
1062 5
1063 7
1064 6
1065 5
1066 6
1067 7
1068 8
1069 5
1070 7
1071 8
1072 5
1073 4
1074 6
1075 7
1076 4
1077 4
1078 5
1079 7
1080 5
1081 5
1082 6
1083 7
1084 7
1085 5
1086 7
1087 8
1088 16
1089 4
1090 6
1091 7
1092 4
1093 4
1094 5
1095 6
1096 6
1097 4
1098 6
1099 7
1100 8
1101 5
1102 6
1103 8
1104 5
1105 4
1106 6
1107 7
1108 4
1109 4
1110 5
1111 6
1112 5
1113 4
1114 6
1115 7
1116 7
1117 5
1118 6
1119 7
1120 16
1121 4
1122 6
1123 7
1124 4
1125 3
1126 5
1127 6
1128 6
1129 4
1130 5
1131 6
1132 8
1133 5
1134 6
1135 7
1136 6
1137 4
1138 5
1139 7
1140 3
1141 3
1142 4
1143 6
1144 5
1145 4
1146 5
1147 6
1148 7
1149 5
1150 6
1151 7
1152 16
1153 5
1154 6
1155 8
1156 4
1157 4
1158 6
1159 7
1160 6
1161 5
1162 6
1163 8
1164 8
1165 6
1166 7
1167 8
1168 5
1169 5
1170 6
1171 8
1172 4
1173 5
1174 6
1175 7
1176 6
1177 5
1178 6
1179 7
1180 8
1181 6
1182 7
1183 8
1184 4
1185 5
1186 6
1187 8
1188 4
1189 4
1190 6
1191 7
1192 6
1193 5
1194 6
1195 8
1196 8
1197 6
1198 7
1199 8
1200 5
1201 5
1202 6
1203 8
1204 4
1205 5
1206 6
1207 7
1208 6
1209 5
1210 6
1211 7
1212 8
1213 6
1214 7
1215 8
1216 8
1217 5
1218 6
1219 8
1220 4
1221 4
1222 5
1223 7
1224 6
1225 5
1226 6
1227 7
1228 8
1229 6
1230 7
1231 8
1232 6
1233 5
1234 6
1235 8
1236 4
1237 4
1238 5
1239 7
1240 6
1241 5
1242 6
1243 7
1244 8
1245 6
1246 7
1247 8
1248 12
1249 5
1250 6
1251 8
1252 4
1253 4
1254 5
1255 6
1256 6
1257 5
1258 6
1259 7
1260 8
1261 6
1262 7
1263 8
1264 7
1265 5
1266 6
1267 8
1268 4
1269 4
1270 5
1271 6
1272 6
1273 5
1274 6
1275 7
1276 8
1277 5
1278 7
1279 8
1280 16
1281 4
1282 6
1283 7
1284 3
1285 4
1286 5
1287 6
1288 5
1289 4
1290 6
1291 7
1292 8
1293 5
1294 6
1295 8
1296 5
1297 4
1298 6
1299 7
1300 4
1301 4
1302 5
1303 6
1304 5
1305 4
1306 6
1307 7
1308 7
1309 5
1310 6
1311 7
1312 4
1313 4
1314 6
1315 8
1316 3
1317 4
1318 5
1319 6
1320 5
1321 5
1322 6
1323 7
1324 7
1325 5
1326 6
1327 8
1328 4
1329 4
1330 6
1331 7
1332 4
1333 4
1334 5
1335 6
1336 5
1337 5
1338 6
1339 7
1340 7
1341 5
1342 6
1343 7
1344 8
1345 4
1346 6
1347 8
1348 3
1349 4
1350 5
1351 6
1352 5
1353 4
1354 6
1355 7
1356 8
1357 5
1358 6
1359 7
1360 5
1361 4
1362 6
1363 7
1364 4
1365 4
1366 5
1367 6
1368 5
1369 4
1370 5
1371 7
1372 7
1373 5
1374 6
1375 7
1376 12
1377 4
1378 6
1379 8
1380 4
1381 3
1382 5
1383 6
1384 6
1385 4
1386 5
1387 7
1388 8
1389 5
1390 6
1391 7
1392 6
1393 4
1394 5
1395 7
1396 4
1397 3
1398 5
1399 6
1400 5
1401 4
1402 5
1403 6
1404 7
1405 5
1406 6
1407 7
1408 16
1409 4
1410 5
1411 7
1412 3
1413 3
1414 4
1415 5
1416 5
1417 4
1418 5
1419 6
1420 7
1421 4
1422 6
1423 7
1424 4
1425 3
1426 5
1427 6
1428 3
1429 3
1430 4
1431 5
1432 4
1433 4
1434 5
1435 6
1436 6
1437 4
1438 5
1439 7
1440 4
1441 4
1442 5
1443 7
1444 2
1445 3
1446 4
1447 6
1448 5
1449 4
1450 5
1451 6
1452 7
1453 5
1454 6
1455 7
1456 4
1457 4
1458 5
1459 7
1460 3
1461 3
1462 4
1463 5
1464 4
1465 4
1466 5
1467 6
1468 6
1469 5
1470 6
1471 7
1472 8
1473 4
1474 5
1475 7
1476 3
1477 3
1478 4
1479 5
1480 5
1481 4
1482 5
1483 6
1484 7
1485 4
1486 6
1487 7
1488 4
1489 3
1490 5
1491 6
1492 3
1493 3
1494 4
1495 5
1496 4
1497 4
1498 5
1499 6
1500 6
1501 4
1502 5
1503 7
1504 12
1505 4
1506 5
1507 7
1508 3
1509 3
1510 4
1511 5
1512 5
1513 4
1514 5
1515 6
1516 7
1517 4
1518 5
1519 7
1520 5
1521 3
1522 5
1523 6
1524 3
1525 3
1526 4
1527 5
1528 4
1529 3
1530 5
1531 6
1532 6
1533 4
1534 5
1535 6
1536 16
1537 16
1538 16
1539 16
1540 16
1541 2
1542 4
1543 5
1544 16
1545 3
1546 4
1547 5
1548 16
1549 4
1550 5
1551 6
1552 16
1553 3
1554 4
1555 6
1556 2
1557 2
1558 4
1559 5
1560 3
1561 3
1562 4
1563 5
1564 5
1565 4
1566 5
1567 6
1568 16
1569 3
1570 5
1571 6
1572 2
1573 3
1574 4
1575 5
1576 4
1577 3
1578 5
1579 6
1580 6
1581 4
1582 5
1583 6
1584 2
1585 3
1586 4
1587 6
1588 2
1589 3
1590 4
1591 5
1592 3
1593 3
1594 4
1595 6
1596 5
1597 4
1598 5
1599 6
1600 16
1601 3
1602 4
1603 6
1604 2
1605 2
1606 3
1607 5
1608 4
1609 3
1610 4
1611 5
1612 6
1613 4
1614 5
1615 6
1616 2
1617 3
1618 4
1619 6
1620 2
1621 2
1622 3
1623 5
1624 3
1625 3
1626 4
1627 5
1628 5
1629 4
1630 5
1631 6
1632 16
1633 2
1634 4
1635 6
1636 2
1637 2
1638 3
1639 4
1640 4
1641 2
1642 4
1643 5
1644 6
1645 3
1646 4
1647 6
1648 3
1649 2
1650 4
1651 5
1652 1
1653 2
1654 3
1655 4
1656 3
1657 2
1658 4
1659 5
1660 5
1661 3
1662 4
1663 5
1664 16
1665 4
1666 5
1667 7
1668 2
1669 3
1670 4
1671 6
1672 4
1673 4
1674 5
1675 6
1676 7
1677 5
1678 6
1679 7
1680 3
1681 4
1682 5
1683 7
1684 3
1685 3
1686 4
1687 6
1688 4
1689 4
1690 5
1691 6
1692 6
1693 5
1694 6
1695 7
1696 16
1697 4
1698 5
1699 7
1700 2
1701 3
1702 5
1703 6
1704 4
1705 4
1706 5
1707 6
1708 6
1709 5
1710 6
1711 7
1712 3
1713 4
1714 5
1715 7
1716 3
1717 3
1718 5
1719 6
1720 4
1721 4
1722 5
1723 6
1724 6
1725 5
1726 6
1727 7
1728 4
1729 4
1730 5
1731 7
1732 2
1733 3
1734 4
1735 6
1736 5
1737 4
1738 5
1739 6
1740 7
1741 5
1742 6
1743 7
1744 4
1745 4
1746 5
1747 7
1748 3
1749 3
1750 4
1751 5
1752 4
1753 4
1754 5
1755 6
1756 6
1757 5
1758 6
1759 7
1760 8
1761 4
1762 5
1763 7
1764 3
1765 3
1766 4
1767 5
1768 5
1769 4
1770 5
1771 6
1772 7
1773 4
1774 6
1775 7
1776 4
1777 3
1778 5
1779 6
1780 3
1781 3
1782 4
1783 5
1784 4
1785 4
1786 5
1787 6
1788 6
1789 4
1790 5
1791 7
1792 16
1793 3
1794 5
1795 6
1796 2
1797 3
1798 4
1799 5
1800 4
1801 3
1802 4
1803 6
1804 6
1805 4
1806 5
1807 6
1808 2
1809 3
1810 4
1811 6
1812 2
1813 3
1814 4
1815 5
1816 4
1817 3
1818 4
1819 5
1820 5
1821 4
1822 5
1823 6
1824 0
1825 3
1826 5
1827 6
1828 2
1829 3
1830 4
1831 5
1832 4
1833 3
1834 5
1835 6
1836 6
1837 4
1838 5
1839 7
1840 2
1841 3
1842 4
1843 6
1844 2
1845 3
1846 4
1847 5
1848 4
1849 3
1850 5
1851 6
1852 5
1853 4
1854 5
1855 6
1856 4
1857 3
1858 5
1859 6
1860 2
1861 2
1862 4
1863 5
1864 4
1865 3
1866 4
1867 6
1868 6
1869 4
1870 5
1871 6
1872 3
1873 3
1874 4
1875 6
1876 2
1877 2
1878 4
1879 5
1880 4
1881 3
1882 4
1883 5
1884 5
1885 4
1886 5
1887 6
1888 8
1889 3
1890 5
1891 6
1892 2
1893 2
1894 4
1895 5
1896 4
1897 3
1898 4
1899 5
1900 6
1901 4
1902 5
1903 6
1904 4
1905 3
1906 4
1907 6
1908 2
1909 2
1910 3
1911 5
1912 4
1913 3
1914 4
1915 5
1916 5
1917 4
1918 5
1919 6
1920 16
1921 2
1922 4
1923 6
1924 1
1925 2
1926 3
1927 4
1928 3
1929 3
1930 4
1931 5
1932 5
1933 3
1934 4
1935 6
1936 2
1937 2
1938 4
1939 5
1940 1
1941 2
1942 3
1943 4
1944 3
1945 2
1946 4
1947 5
1948 4
1949 3
1950 4
1951 5
1952 16
1953 2
1954 4
1955 6
1956 1
1957 2
1958 3
1959 4
1960 3
1961 3
1962 4
1963 5
1964 5
1965 4
1966 5
1967 6
1968 1
1969 2
1970 4
1971 5
1972 1
1973 2
1974 3
1975 4
1976 3
1977 3
1978 4
1979 5
1980 4
1981 3
1982 5
1983 6
1984 4
1985 2
1986 4
1987 6
1988 1
1989 2
1990 3
1991 4
1992 3
1993 3
1994 4
1995 5
1996 5
1997 3
1998 5
1999 6
2000 2
2001 2
2002 4
2003 5
2004 1
2005 2
2006 3
2007 4
2008 3
2009 2
2010 4
2011 5
2012 4
2013 3
2014 4
2015 5
2016 8
2017 2
2018 4
2019 6
2020 1
2021 2
2022 3
2023 4
2024 3
2025 2
2026 4
2027 5
2028 5
2029 3
2030 4
2031 6
2032 3
2033 2
2034 4
2035 5
2036 1
2037 2
2038 3
2039 4
2040 3
2041 2
2042 3
2043 5
2044 4
2045 3
2046 4
2047 5
