#CSC Position Offset LUT
#Structure is comparator code (iCC) -> Stub position offset
#iCC bits: 12
#<header> v1.0 12 32 </header>
0 0
1 0
2 0
3 0
4 0
5 0
6 0
7 0
8 0
9 0
10 0
11 0
12 0
13 0
14 0
15 0
16 0
17 0
18 0
19 0
20 0
21 -0.166667
22 -0.333333
23 -0.5
24 0
25 0.166667
26 -9.93872e-13
27 -0.166667
28 0
29 0.5
30 0.333333
31 0.166667
32 0
33 0
34 0
35 0
36 0
37 -0.428571
38 -0.285714
39 -0.142857
40 0
41 -0.142857
42 -9.22817e-13
43 0.142857
44 0
45 0.142857
46 0.285714
47 0.428571
48 0
49 -0.214286
50 -3.13527e-13
51 0.214286
52 -0.333333
53 -0.3
54 -0.2
55 -0.1
56 1.75126e-09
57 -0.1
58 1.01519e-12
59 0.1
60 0.333333
61 0.1
62 0.2
63 0.3
64 0
65 0
66 0
67 0
68 0
69 0.142857
70 0.285714
71 0.428571
72 0
73 0.428571
74 0.571429
75 0.714286
76 0
77 0.714286
78 0.857143
79 1
80 0
81 0.214286
82 0.428571
83 0.642857
84 -6.48931e-09
85 0.1
86 0.2
87 0.3
88 0.333333
89 0.3
90 0.4
91 0.5
92 0.666667
93 0.5
94 0.6
95 0.7
96 0
97 0
98 0
99 0
100 0
101 0.714286
102 0.857143
103 1
104 0
105 1
106 1.14286
107 1.28571
108 0
109 1.28571
110 1.42857
111 1.57143
112 0
113 0.642857
114 0.857143
115 1.07143
116 0.333333
117 0.5
118 0.6
119 0.7
120 0.666667
121 0.7
122 0.8
123 0.9
124 1
125 0.9
126 1
127 1.1
128 0
129 0
130 0
131 0
132 0
133 -0.576923
134 -0.307692
135 -0.0384615
136 0
137 -0.269231
138 1.22569e-13
139 0.269231
140 0
141 0.0384615
142 0.307692
143 0.576923
144 0
145 -0.333333
146 -3.69044e-09
147 0.333333
148 -0.428632
149 -0.428571
150 -0.228571
151 -0.0285714
152 -6.88631e-11
153 -0.2
154 4.9738e-14
155 0.2
156 0.428591
157 0.0285714
158 0.228571
159 0.428571
160 0
161 -0.423069
162 2.30926e-14
163 0.423077
164 -0.571429
165 -0.5
166 -0.25
167 -2.66305e-09
168 -1.74971e-13
169 -0.25
170 6.43273e-10
171 0.25
172 0.571429
173 6.43273e-10
174 0.25
175 0.5
176 5.32907e-15
177 -0.314283
178 5.21141e-06
179 0.314286
180 -0.4
181 -0.4
182 -0.2
183 4.79888e-09
184 -2.6823e-13
185 -0.2
186 4.90402e-09
187 0.2
188 0.4
189 4.90402e-09
190 0.2
191 0.4
192 0
193 -0.115383
194 0.307693
195 0.730769
196 -0.285714
197 -0.25
198 -4.35711e-10
199 0.25
200 0.285714
201 1.3218e-09
202 0.25
203 0.5
204 0.857143
205 0.25
206 0.5
207 0.75
208 0.333333
209 -0.0857137
210 0.228572
211 0.542857
212 -0.2
213 -0.2
214 -9.01418e-10
215 0.2
216 0.2
217 5.01592e-09
218 0.2
219 0.4
220 0.6
221 0.2
222 0.4
223 0.6
224 0
225 0.192308
226 0.615392
227 1.03846
228 -1.01341e-12
229 1.3218e-09
230 0.25
231 0.5
232 0.571429
233 0.25
234 0.5
235 0.75
236 1.14286
237 0.5
238 0.75
239 1
240 0.666667
241 0.142857
242 0.457145
243 0.77143
244 -1.48326e-13
245 5.01592e-09
246 0.2
247 0.4
248 0.4
249 0.2
250 0.4
251 0.6
252 0.8
253 0.4
254 0.6
255 0.8
256 0
257 0
258 0
259 0
260 0
261 -0.153846
262 0.115385
263 0.384615
264 0
265 0.153846
266 0.423077
267 0.692308
268 0
269 0.461538
270 0.730769
271 1
272 0
273 1.75126e-09
274 0.333333
275 0.666667
276 -0.214286
277 -0.114286
278 0.0857143
279 0.285714
280 0.214286
281 0.114286
282 0.314286
283 0.514286
284 0.64282
285 0.342857
286 0.542857
287 0.742857
288 0
289 -0.153846
290 0.269238
291 0.692308
292 -0.428571
293 -0.25
294 -3.29173e-09
295 0.25
296 0.142857
297 3.14629e-09
298 0.25
299 0.5
300 0.714286
301 0.25
302 0.5
303 0.75
304 -0.166667
305 -0.114286
306 0.200002
307 0.514288
308 -0.3
309 -0.2
310 -2.16905e-09
311 0.2
312 0.1
313 2.10999e-09
314 0.2
315 0.4
316 0.5
317 0.2
318 0.4
319 0.6
320 0
321 0.153842
322 0.576925
323 1
324 -0.142857
325 5.04326e-09
326 0.25
327 0.5
328 0.428571
329 0.25
330 0.5
331 0.75
332 1
333 0.5
334 0.75
335 1
336 0.166667
337 0.114285
338 0.428572
339 0.742857
340 -0.1
341 3.97756e-09
342 0.2
343 0.4
344 0.3
345 0.2
346 0.4
347 0.6
348 0.7
349 0.4
350 0.6
351 0.8
352 0
353 0.461504
354 0.884615
355 1.3077
356 0.142857
357 0.25
358 0.5
359 0.75
360 0.714286
361 0.5
362 0.75
363 1
364 1.28571
365 0.75
366 1
367 1.25
368 0.5
369 0.342846
370 0.657143
371 0.971431
372 0.1
373 0.2
374 0.4
375 0.6
376 0.5
377 0.4
378 0.6
379 0.8
380 0.9
381 0.6
382 0.8
383 1
384 0
385 0
386 0
387 0
388 0
389 0.269231
390 0.538462
391 0.807692
392 0
393 0.576923
394 0.846154
395 1.11538
396 0
397 0.884615
398 1.15385
399 1.42308
400 0
401 0.333333
402 0.666667
403 1
404 -4.34319e-13
405 0.2
406 0.4
407 0.6
408 0.428571
409 0.428571
410 0.628571
411 0.828571
412 0.857143
413 0.657143
414 0.857143
415 1.05714
416 0
417 0.115344
418 0.538462
419 0.961545
420 -0.285714
421 2.5035e-10
422 0.25
423 0.5
424 0.285714
425 0.25
426 0.5
427 0.75
428 0.857143
429 0.5
430 0.75
431 1
432 -0.333333
433 0.0857017
434 0.4
435 0.714288
436 -0.2
437 2.71832e-10
438 0.2
439 0.4
440 0.2
441 0.2
442 0.4
443 0.6
444 0.6
445 0.4
446 0.6
447 0.8
448 0
449 0.423077
450 0.846151
451 1.26923
452 -3.47278e-13
453 0.25
454 0.5
455 0.75
456 0.571429
457 0.5
458 0.75
459 1
460 1.14286
461 0.75
462 1
463 1.25
464 -2.0659e-12
465 0.314239
466 0.62857
467 0.942858
468 -1.15463e-13
469 0.2
470 0.4
471 0.6
472 0.4
473 0.4
474 0.6
475 0.8
476 0.8
477 0.6
478 0.8
479 1
480 0
481 0.730769
482 1.15382
483 1.57692
484 0.285714
485 0.5
486 0.75
487 1
488 0.857143
489 0.75
490 1
491 1.25
492 1.42857
493 1
494 1.25
495 1.5
496 0.333333
497 0.542857
498 0.857134
499 1.17143
500 0.2
501 0.4
502 0.6
503 0.8
504 0.6
505 0.6
506 0.8
507 1
508 1
509 0.8
510 1
511 1.2
512 0
513 0
514 0
515 0
516 0
517 -0.666667
518 -0.333333
519 4.51384e-09
520 0
521 -0.333333
522 -3.31514e-10
523 0.333333
524 0
525 -3.31514e-10
526 0.333333
527 0.666667
528 0
529 -0.394737
530 -7.37188e-14
531 0.394737
532 -0.461538
533 -0.5
534 -0.25
535 2.54224e-09
536 -1.73008e-09
537 -0.25
538 2.43242e-09
539 0.25
540 0.461607
541 2.43242e-09
542 0.25
543 0.5
544 0
545 -0.473567
546 -2.25597e-13
547 0.473684
548 -0.583333
549 -0.559322
550 -0.271186
551 0.0169492
552 -1.79412e-13
553 -0.288136
554 2.66454e-15
555 0.288136
556 0.583333
557 -0.0169492
558 0.271186
559 0.559322
560 3.29869e-12
561 -0.346121
562 -1.77636e-14
563 0.346154
564 -0.4
565 -0.44593
566 -0.216216
567 0.0135135
568 -5.32907e-14
569 -0.229703
570 3.10862e-14
571 0.22973
572 0.4
573 -0.0135135
574 0.216216
575 0.445946
576 0
577 -0.157877
578 0.315789
579 0.789474
580 -0.25
581 -0.32202
582 -0.0338983
583 0.254237
584 0.333333
585 -0.0508214
586 0.237288
587 0.525424
588 0.916667
589 0.220339
590 0.508475
591 0.79661
592 0.428571
593 -0.11538
594 0.230838
595 0.576923
596 -0.171429
597 -0.256751
598 -0.0270046
599 0.202703
600 0.228571
601 -0.0405297
602 0.189224
603 0.418919
604 0.628571
605 0.175694
606 0.405405
607 0.635135
608 0
609 0.157895
610 0.631666
611 1.10526
612 0.0833333
613 -0.0847422
614 0.20341
615 0.491525
616 0.666667
617 0.186449
618 0.474576
619 0.762712
620 1.25
621 0.457644
622 0.745763
623 1.0339
624 0.857143
625 0.115385
626 0.461564
627 0.807692
628 0.0571429
629 -0.0675662
630 0.162171
631 0.391921
632 0.457143
633 0.148652
634 0.378394
635 0.608152
636 0.857143
637 0.364872
638 0.59462
639 0.824324
640 0
641 -0.547619
642 -2.65565e-13
643 0.547619
644 -0.692308
645 -0.617647
646 -0.294118
647 0.0294118
648 -4.14779e-13
649 -0.323529
650 2.75335e-14
651 0.323529
652 0.692308
653 -0.0294118
654 0.294118
655 0.617647
656 8.03801e-13
657 -0.38983
658 8.88178e-16
659 0.38983
660 -0.45
661 -0.488372
662 -0.232558
663 0.0232558
664 -2.40696e-13
665 -0.255814
666 1.59872e-14
667 0.255814
668 0.45
669 -0.0232558
670 0.232558
671 0.488372
672 5.25802e-13
673 -0.464286
674 4.37872e-13
675 0.464286
676 -0.571429
677 -0.546505
678 -0.255814
679 0.0348837
680 2.83329e-13
681 -0.290658
682 1.64313e-13
683 0.290698
684 0.571429
685 -0.0348837
686 0.255814
687 0.546512
688 -1.77636e-14
689 -0.351351
690 -2.66454e-15
691 0.351351
692 -0.4
693 -0.447616
694 -0.209476
695 0.0285714
696 -4.35207e-13
697 -0.238078
698 0
699 0.238095
700 0.4
701 -0.0285257
702 0.209524
703 0.447619
704 1.33333
705 -0.214286
706 0.25
707 0.714286
708 -0.285714
709 -0.360465
710 -0.0697302
711 0.22093
712 0.285714
713 -0.104646
714 0.186047
715 0.476744
716 0.857143
717 0.151197
718 0.44186
719 0.732558
720 0.4
721 -0.162162
722 0.189189
723 0.540495
724 -0.2
725 -0.295238
726 -0.0571263
727 0.181036
728 0.2
729 -0.0857118
730 0.152424
731 0.390476
732 0.6
733 0.123825
734 0.361985
735 0.6
736 2.66667
737 0.0357143
738 0.5
739 0.964286
740 2.65121e-12
741 -0.174426
742 0.116284
743 0.407067
744 0.571429
745 0.0813954
746 0.372125
747 0.662791
748 1.14286
749 0.337214
750 0.627992
751 0.918605
752 0.8
753 0.027027
754 0.378378
755 0.72973
756 2.55795e-13
757 -0.14286
758 0.0952404
759 0.333375
760 0.4
761 0.0666667
762 0.304777
763 0.542934
764 0.8
765 0.276193
766 0.514325
767 0.752381
768 0
769 -0.285714
770 0.261905
771 0.809524
772 -0.461538
773 -0.411738
774 -0.0882353
775 0.235294
776 0.230769
777 -0.117647
778 0.205882
779 0.529412
780 0.923077
781 0.176471
782 0.5
783 0.823529
784 0.214286
785 -0.20339
786 0.186441
787 0.576271
788 -0.3
789 -0.325571
790 -0.0697674
791 0.186047
792 0.15
793 -0.093007
794 0.162791
795 0.418605
796 0.6
797 0.139535
798 0.395349
799 0.651163
800 0.333333
801 -0.285714
802 0.178571
803 0.642857
804 -0.428571
805 -0.395357
806 -0.104646
807 0.186047
808 0.142857
809 -0.139535
810 0.151197
811 0.44186
812 0.714286
813 0.116284
814 0.407067
815 0.697674
816 0.1
817 -0.216216
818 0.135135
819 0.486486
820 -0.3
821 -0.323813
822 -0.0857118
823 0.152424
824 0.1
825 -0.114286
826 0.123825
827 0.361985
828 0.5
829 0.0952404
830 0.333375
831 0.571429
832 1.66667
833 -0.0357143
834 0.428571
835 0.892857
836 -0.142857
837 -0.209371
838 0.0813954
839 0.372125
840 0.428571
841 0.0465047
842 0.337214
843 0.627992
844 1
845 0.302326
846 0.593053
847 0.883721
848 0.5
849 -0.027027
850 0.324324
851 0.675676
852 -0.1
853 -0.171459
854 0.0666667
855 0.304777
856 0.3
857 0.0380922
858 0.276193
859 0.514325
860 0.7
861 0.247619
862 0.485728
863 0.723884
864 3
865 0.214286
866 0.678571
867 1.14286
868 0.142857
869 -0.0232558
870 0.267436
871 0.558144
872 0.714286
873 0.232502
874 0.523256
875 0.813982
876 1.28571
877 0.488366
878 0.779074
879 1.06984
880 0.9
881 0.162162
882 0.513514
883 0.864865
884 0.1
885 -0.0190476
886 0.219045
887 0.457145
888 0.5
889 0.190451
890 0.428571
891 0.66668
892 0.9
893 0.399997
894 0.638097
895 0.876226
896 0
897 -0.0238095
898 0.52381
899 1.07143
900 -0.230769
901 -0.205881
902 0.117671
903 0.441176
904 0.461538
905 0.0882451
906 0.411804
907 0.735294
908 1.15385
909 0.382376
910 0.705882
911 1.02941
912 0.428571
913 -0.0169492
914 0.372881
915 0.762712
916 -0.15
917 -0.16279
918 0.0930328
919 0.348858
920 0.3
921 0.0697713
922 0.325597
923 0.581395
924 0.75
925 0.302335
926 0.55816
927 0.813953
928 0.666667
929 -0.107143
930 0.357143
931 0.821429
932 -0.285714
933 -0.244186
934 0.0465047
935 0.337214
936 0.285714
937 0.0115658
938 0.302326
939 0.593053
940 0.857143
941 0.267436
942 0.558144
943 0.848918
944 0.2
945 -0.0810811
946 0.27027
947 0.621622
948 -0.2
949 -0.2
950 0.0380922
951 0.276193
952 0.2
953 0.0094961
954 0.247619
955 0.485728
956 0.6
957 0.219045
958 0.457145
959 0.695276
960 2
961 0.142857
962 0.607143
963 1.07143
964 -3.90799e-13
965 -0.0581395
966 0.232502
967 0.523256
968 0.571429
969 0.197674
970 0.488366
971 0.779074
972 1.14286
973 0.453437
974 0.744186
975 1.03491
976 0.6
977 0.108108
978 0.459459
979 0.810811
980 2.40252e-12
981 -0.047619
982 0.190451
983 0.428571
984 0.4
985 0.161905
986 0.399997
987 0.638097
988 0.8
989 0.371405
990 0.609524
991 0.847632
992 3.33333
993 0.392857
994 0.857143
995 1.32143
996 0.285714
997 0.127907
998 0.418605
999 0.709297
1000 0.857143
1001 0.383721
1002 0.674371
1003 0.965116
1004 1.42857
1005 0.639535
1006 0.930228
1007 1.22093
1008 1
1009 0.297297
1010 0.648649
1011 1
1012 0.2
1013 0.104762
1014 0.342857
1015 0.58095
1016 0.6
1017 0.314286
1018 0.552359
1019 0.790476
1020 1
1021 0.523727
1022 0.761902
1023 1
1024 0
1025 0
1026 0
1027 0
1028 0
1029 -0.333333
1030 -3.69044e-09
1031 0.333333
1032 0
1033 4.75994e-09
1034 0.333333
1035 0.666667
1036 0
1037 0.333333
1038 0.666667
1039 1
1040 0
1041 -0.131579
1042 0.263158
1043 0.657895
1044 -0.307692
1045 -0.25
1046 -4.35711e-10
1047 0.25
1048 0.153846
1049 1.3218e-09
1050 0.25
1051 0.5
1052 0.615385
1053 0.25
1054 0.5
1055 0.75
1056 0
1057 -0.263187
1058 0.210542
1059 0.684211
1060 -0.5
1061 -0.355931
1062 -0.0677858
1063 0.220339
1064 0.0833333
1065 -0.0847422
1066 0.20341
1067 0.491525
1068 0.666667
1069 0.186449
1070 0.474576
1071 0.762712
1072 -0.142857
1073 -0.192316
1074 0.153851
1075 0.500065
1076 -0.342857
1077 -0.283783
1078 -0.0540496
1079 0.175694
1080 0.0571429
1081 -0.0675662
1082 0.162171
1083 0.391921
1084 0.457143
1085 0.148652
1086 0.378394
1087 0.608152
1088 0
1089 0.0526316
1090 0.526316
1091 1.00008
1092 -0.166667
1093 -0.118644
1094 0.169494
1095 0.457644
1096 0.416667
1097 0.152543
1098 0.440685
1099 0.728842
1100 1
1101 0.423731
1102 0.711878
1103 1
1104 0.285714
1105 0.0383961
1106 0.384615
1107 0.730793
1108 -0.114286
1109 -0.0945946
1110 0.135136
1111 0.364872
1112 0.285714
1113 0.121622
1114 0.351354
1115 0.581094
1116 0.685714
1117 0.337839
1118 0.567574
1119 0.797319
1120 0
1121 0.368421
1122 0.842087
1123 1.3158
1124 0.166667
1125 0.118644
1126 0.40678
1127 0.69492
1128 0.75
1129 0.389831
1130 0.677968
1131 0.966112
1132 1.33333
1133 0.661017
1134 0.949157
1135 1.23731
1136 0.714286
1137 0.269231
1138 0.615379
1139 0.961542
1140 0.114286
1141 0.0945947
1142 0.324324
1143 0.554056
1144 0.514286
1145 0.310811
1146 0.540541
1147 0.770275
1148 0.914286
1149 0.527027
1150 0.756759
1151 0.986496
1152 0
1153 -0.357143
1154 0.190354
1155 0.738173
1156 -0.615385
1157 -0.441165
1158 -0.117647
1159 0.205882
1160 0.0769231
1161 -0.147033
1162 0.176471
1163 0.5
1164 0.769231
1165 0.147099
1166 0.470588
1167 0.794118
1168 -0.142857
1169 -0.254237
1170 0.135562
1171 0.525445
1172 -0.4
1173 -0.348833
1174 -0.093007
1175 0.162791
1176 0.05
1177 -0.116269
1178 0.139535
1179 0.395349
1180 0.5
1181 0.116295
1182 0.372093
1183 0.627907
1184 -0.666667
1185 -0.357143
1186 0.107143
1187 0.571429
1188 -0.571429
1189 -0.430309
1190 -0.139535
1191 0.151197
1192 1.15463e-12
1193 -0.174426
1194 0.116284
1195 0.407067
1196 0.571429
1197 0.0813954
1198 0.372125
1199 0.662791
1200 -0.2
1201 -0.27027
1202 0.0810811
1203 0.432432
1204 -0.4
1205 -0.352414
1206 -0.114286
1207 0.123825
1208 1.82609e-12
1209 -0.14286
1210 0.0952404
1211 0.333375
1212 0.4
1213 0.0666667
1214 0.304777
1215 0.542934
1216 0.666667
1217 -0.107143
1218 0.357143
1219 0.821429
1220 -0.285714
1221 -0.244186
1222 0.0465047
1223 0.337214
1224 0.285714
1225 0.0115658
1226 0.302326
1227 0.593053
1228 0.857143
1229 0.267436
1230 0.558144
1231 0.848918
1232 0.2
1233 -0.0810811
1234 0.27027
1235 0.621622
1236 -0.2
1237 -0.2
1238 0.0380922
1239 0.276193
1240 0.2
1241 0.0094961
1242 0.247619
1243 0.485728
1244 0.6
1245 0.219045
1246 0.457145
1247 0.695276
1248 2
1249 0.142857
1250 0.607143
1251 1.07143
1252 3.39639e-12
1253 -0.0581395
1254 0.232502
1255 0.523256
1256 0.571429
1257 0.197674
1258 0.488366
1259 0.779074
1260 1.14286
1261 0.453437
1262 0.744186
1263 1.03491
1264 0.6
1265 0.108108
1266 0.459459
1267 0.810811
1268 9.08607e-13
1269 -0.047619
1270 0.190451
1271 0.428571
1272 0.4
1273 0.161905
1274 0.399997
1275 0.638097
1276 0.8
1277 0.371405
1278 0.609524
1279 0.847632
1280 0
1281 -0.0952381
1282 0.452381
1283 0.99991
1284 -0.384615
1285 -0.235294
1286 0.0882451
1287 0.411804
1288 0.307692
1289 0.0588251
1290 0.382376
1291 0.705882
1292 1
1293 0.35295
1294 0.676508
1295 1
1296 0.0714286
1297 -0.0677966
1298 0.322034
1299 0.71184
1300 -0.25
1301 -0.186047
1302 0.0697713
1303 0.325597
1304 0.2
1305 0.0465122
1306 0.302335
1307 0.55816
1308 0.65
1309 0.279073
1310 0.534899
1311 0.790698
1312 -0.333333
1313 -0.178571
1314 0.285714
1315 0.75
1316 -0.428571
1317 -0.27907
1318 0.0115658
1319 0.302326
1320 0.142857
1321 -0.0232558
1322 0.267436
1323 0.558144
1324 0.714286
1325 0.232502
1326 0.523256
1327 0.813982
1328 -0.1
1329 -0.135135
1330 0.216216
1331 0.567568
1332 -0.3
1333 -0.228571
1334 0.0094961
1335 0.247619
1336 0.1
1337 -0.0190476
1338 0.219045
1339 0.457145
1340 0.5
1341 0.190451
1342 0.428571
1343 0.66668
1344 1
1345 0.0714286
1346 0.535714
1347 1
1348 -0.142857
1349 -0.0930233
1350 0.197674
1351 0.488366
1352 0.428571
1353 0.162791
1354 0.453437
1355 0.744186
1356 1
1357 0.418605
1358 0.709297
1359 1
1360 0.3
1361 0.0540541
1362 0.405405
1363 0.756757
1364 -0.1
1365 -0.0761905
1366 0.161905
1367 0.399997
1368 0.3
1369 0.133333
1370 0.371405
1371 0.609524
1372 0.7
1373 0.342857
1374 0.58095
1375 0.819049
1376 2.33333
1377 0.321429
1378 0.785714
1379 1.25
1380 0.142857
1381 0.0930233
1382 0.383721
1383 0.674371
1384 0.714286
1385 0.348837
1386 0.639535
1387 0.930228
1388 1.28571
1389 0.604651
1390 0.895305
1391 1.18605
1392 0.7
1393 0.243243
1394 0.594595
1395 0.945946
1396 0.1
1397 0.0761905
1398 0.314286
1399 0.552359
1400 0.5
1401 0.285714
1402 0.523727
1403 0.761902
1404 0.9
1405 0.495238
1406 0.733313
1407 0.971429
1408 0
1409 0.166667
1410 0.714286
1411 1.2619
1412 -0.153846
1413 -0.0294347
1414 0.294118
1415 0.617656
1416 0.538462
1417 0.264704
1418 0.588237
1419 0.911785
1420 1.23077
1421 0.558824
1422 0.882361
1423 1.20592
1424 0.285714
1425 0.118644
1426 0.508475
1427 0.898305
1428 -0.1
1429 -0.0232647
1430 0.232558
1431 0.488375
1432 0.35
1433 0.209301
1434 0.465117
1435 0.720939
1436 0.8
1437 0.44186
1438 0.697678
1439 0.953503
1440 2.18492e-13
1441 -5.41789e-13
1442 0.464286
1443 0.928571
1444 -0.285714
1445 -0.127907
1446 0.162791
1447 0.453437
1448 0.285714
1449 0.127907
1450 0.418605
1451 0.709297
1452 0.857143
1453 0.383721
1454 0.674371
1455 0.965116
1456 6.61693e-13
1457 9.05942e-14
1458 0.351351
1459 0.702703
1460 -0.2
1461 -0.104762
1462 0.133333
1463 0.371405
1464 0.2
1465 0.104762
1466 0.342857
1467 0.58095
1468 0.6
1469 0.314286
1470 0.552359
1471 0.790476
1472 1.33333
1473 0.25
1474 0.714286
1475 1.17857
1476 1.04095e-12
1477 0.0581395
1478 0.348837
1479 0.639535
1480 0.571429
1481 0.313953
1482 0.604651
1483 0.895305
1484 1.14286
1485 0.569767
1486 0.860465
1487 1.15116
1488 0.4
1489 0.189189
1490 0.540541
1491 0.891892
1492 1.45661e-13
1493 0.047619
1494 0.285714
1495 0.523727
1496 0.4
1497 0.257143
1498 0.495238
1499 0.733313
1500 0.8
1501 0.466667
1502 0.704685
1503 0.942855
1504 2.66667
1505 0.5
1506 0.964286
1507 1.42857
1508 0.285714
1509 0.244186
1510 0.534884
1511 0.825581
1512 0.857143
1513 0.5
1514 0.790698
1515 1.0814
1516 1.42857
1517 0.755814
1518 1.04651
1519 1.33717
1520 0.8
1521 0.378378
1522 0.72973
1523 1.08108
1524 0.2
1525 0.2
1526 0.438095
1527 0.67619
1528 0.6
1529 0.409524
1530 0.647619
1531 0.885643
1532 1
1533 0.619048
1534 0.857143
1535 1.09522
1536 0
1537 0
1538 0
1539 0
1540 0
1541 1.75126e-09
1542 0.333333
1543 0.666667
1544 0
1545 0.333333
1546 0.666667
1547 1
1548 0
1549 0.666667
1550 1
1551 1.33333
1552 0
1553 0.131579
1554 0.526317
1555 0.921054
1556 -0.153846
1557 5.04326e-09
1558 0.25
1559 0.5
1560 0.307692
1561 0.25
1562 0.5
1563 0.75
1564 0.769231
1565 0.5
1566 0.75
1567 1
1568 0
1569 -0.0526316
1570 0.421053
1571 0.894737
1572 -0.416667
1573 -0.152542
1574 0.135593
1575 0.423731
1576 0.166667
1577 0.118644
1578 0.40678
1579 0.69492
1580 0.75
1581 0.389831
1582 0.677968
1583 0.966112
1584 -0.285714
1585 -0.0384615
1586 0.307634
1587 0.653846
1588 -0.285714
1589 -0.121622
1590 0.108108
1591 0.337839
1592 0.114286
1593 0.0945947
1594 0.324324
1595 0.554056
1596 0.514286
1597 0.310811
1598 0.540541
1599 0.770275
1600 0
1601 0.263158
1602 0.736842
1603 1.21051
1604 -0.0833333
1605 0.0847458
1606 0.372882
1607 0.661017
1608 0.5
1609 0.355932
1610 0.644068
1611 0.932204
1612 1.08333
1613 0.627119
1614 0.915254
1615 1.20339
1616 0.142857
1617 0.192308
1618 0.538462
1619 0.88461
1620 -0.0571429
1621 0.0675676
1622 0.297297
1623 0.527027
1624 0.342857
1625 0.283784
1626 0.513514
1627 0.743244
1628 0.742857
1629 0.5
1630 0.72973
1631 0.959461
1632 0
1633 0.578947
1634 1.05263
1635 1.52632
1636 0.25
1637 0.322034
1638 0.61017
1639 0.898305
1640 0.833333
1641 0.59322
1642 0.881356
1643 1.16949
1644 1.41667
1645 0.864407
1646 1.15254
1647 1.44068
1648 0.571429
1649 0.423077
1650 0.769231
1651 1.11534
1652 0.171429
1653 0.256757
1654 0.486487
1655 0.716216
1656 0.571429
1657 0.472973
1658 0.702703
1659 0.932432
1660 0.971429
1661 0.689189
1662 0.918919
1663 1.14865
1664 0
1665 -0.166667
1666 0.380952
1667 0.928571
1668 -0.538462
1669 -0.264709
1670 0.0588251
1671 0.382376
1672 0.153846
1673 0.0294118
1674 0.35295
1675 0.676508
1676 0.846154
1677 0.323531
1678 0.647081
1679 0.970588
1680 -0.285714
1681 -0.118644
1682 0.271186
1683 0.661017
1684 -0.35
1685 -0.209303
1686 0.0465122
1687 0.302335
1688 0.1
1689 0.0232558
1690 0.279073
1691 0.534899
1692 0.55
1693 0.255815
1694 0.511637
1695 0.767462
1696 -1.33333
1697 -0.25
1698 0.214286
1699 0.678571
1700 -0.571429
1701 -0.313953
1702 -0.0232558
1703 0.267436
1704 -1.60227e-12
1705 -0.0581395
1706 0.232502
1707 0.523256
1708 0.571429
1709 0.197674
1710 0.488366
1711 0.779074
1712 -0.4
1713 -0.189189
1714 0.162162
1715 0.513514
1716 -0.4
1717 -0.257143
1718 -0.0190476
1719 0.219045
1720 -5.37348e-13
1721 -0.047619
1722 0.190451
1723 0.428571
1724 0.4
1725 0.161905
1726 0.399997
1727 0.638097
1728 -1.18128e-12
1729 1.06581e-13
1730 0.464286
1731 0.928571
1732 -0.285714
1733 -0.127907
1734 0.162791
1735 0.453437
1736 0.285714
1737 0.127907
1738 0.418605
1739 0.709297
1740 0.857143
1741 0.383721
1742 0.674371
1743 0.965116
1744 9.32587e-14
1745 1.47438e-13
1746 0.351351
1747 0.702703
1748 -0.2
1749 -0.104762
1750 0.133333
1751 0.371405
1752 0.2
1753 0.104762
1754 0.342857
1755 0.58095
1756 0.6
1757 0.314286
1758 0.552359
1759 0.790476
1760 1.33333
1761 0.25
1762 0.714286
1763 1.17857
1764 7.28306e-14
1765 0.0581395
1766 0.348837
1767 0.639535
1768 0.571429
1769 0.313953
1770 0.604651
1771 0.895305
1772 1.14286
1773 0.569767
1774 0.860465
1775 1.15116
1776 0.4
1777 0.189189
1778 0.540541
1779 0.891892
1780 9.50351e-13
1781 0.047619
1782 0.285714
1783 0.523727
1784 0.4
1785 0.257143
1786 0.495238
1787 0.733313
1788 0.8
1789 0.466667
1790 0.704685
1791 0.942855
1792 0
1793 0.0952381
1794 0.642857
1795 1.19048
1796 -0.307692
1797 -0.0589126
1798 0.264704
1799 0.588237
1800 0.384615
1801 0.235274
1802 0.558824
1803 0.882361
1804 1.07692
1805 0.52941
1806 0.852942
1807 1.17649
1808 -0.0714286
1809 0.0677966
1810 0.457627
1811 0.847458
1812 -0.2
1813 -0.0465464
1814 0.209301
1815 0.465117
1816 0.25
1817 0.186038
1818 0.44186
1819 0.697678
1820 0.7
1821 0.418604
1822 0.674419
1823 0.930241
1824 -1
1825 -0.0714286
1826 0.392857
1827 0.857143
1828 -0.428571
1829 -0.162791
1830 0.127907
1831 0.418605
1832 0.142857
1833 0.0930233
1834 0.383721
1835 0.674371
1836 0.714286
1837 0.348837
1838 0.639535
1839 0.930228
1840 -0.3
1841 -0.0540541
1842 0.297297
1843 0.648649
1844 -0.3
1845 -0.133333
1846 0.104762
1847 0.342857
1848 0.1
1849 0.0761905
1850 0.314286
1851 0.552359
1852 0.5
1853 0.285714
1854 0.523727
1855 0.761902
1856 0.333333
1857 0.178571
1858 0.642857
1859 1.10714
1860 -0.142857
1861 0.0232558
1862 0.313953
1863 0.604651
1864 0.428571
1865 0.27907
1866 0.569767
1867 0.860465
1868 1
1869 0.534884
1870 0.825581
1871 1.11624
1872 0.1
1873 0.135135
1874 0.486486
1875 0.837838
1876 -0.1
1877 0.0190476
1878 0.257143
1879 0.495238
1880 0.3
1881 0.228571
1882 0.466667
1883 0.704685
1884 0.7
1885 0.438095
1886 0.67619
1887 0.914266
1888 1.66667
1889 0.428571
1890 0.892857
1891 1.35714
1892 0.142857
1893 0.209302
1894 0.5
1895 0.790698
1896 0.714286
1897 0.465116
1898 0.755814
1899 1.04651
1900 1.28571
1901 0.72093
1902 1.01163
1903 1.30233
1904 0.5
1905 0.324324
1906 0.675676
1907 1.02703
1908 0.1
1909 0.171429
1910 0.409524
1911 0.647619
1912 0.5
1913 0.380952
1914 0.619048
1915 0.857143
1916 0.9
1917 0.590476
1918 0.828571
1919 1.0666
1920 0
1921 0.357143
1922 0.904762
1923 1.45238
1924 -0.0769231
1925 0.147059
1926 0.470518
1927 0.794116
1928 0.615385
1929 0.441176
1930 0.76469
1931 1.08824
1932 1.30769
1933 0.735231
1934 1.05882
1935 1.38235
1936 0.142857
1937 0.254237
1938 0.644068
1939 1.0339
1940 -0.05
1941 0.116279
1942 0.372064
1943 0.627906
1944 0.4
1945 0.34876
1946 0.604644
1947 0.860465
1948 0.85
1949 0.581369
1950 0.837209
1951 1.09302
1952 -0.666667
1953 0.107143
1954 0.571429
1955 1.03571
1956 -0.285714
1957 -0.0116279
1958 0.27907
1959 0.569767
1960 0.285714
1961 0.244186
1962 0.534884
1963 0.825581
1964 0.857143
1965 0.5
1966 0.790698
1967 1.0814
1968 -0.2
1969 0.0810811
1970 0.432432
1971 0.783784
1972 -0.2
1973 -0.00952381
1974 0.228571
1975 0.466667
1976 0.2
1977 0.2
1978 0.438095
1979 0.67619
1980 0.6
1981 0.409524
1982 0.647619
1983 0.885643
1984 0.666667
1985 0.357143
1986 0.821429
1987 1.28571
1988 -9.7522e-13
1989 0.174419
1990 0.465116
1991 0.755814
1992 0.571429
1993 0.430233
1994 0.72093
1995 1.01163
1996 1.14286
1997 0.686047
1998 0.976744
1999 1.26744
2000 0.2
2001 0.27027
2002 0.621622
2003 0.972973
2004 5.05374e-13
2005 0.142857
2006 0.380952
2007 0.619048
2008 0.4
2009 0.352381
2010 0.590476
2011 0.828571
2012 0.8
2013 0.561905
2014 0.8
2015 1.0381
2016 2
2017 0.607143
2018 1.07143
2019 1.53571
2020 0.285714
2021 0.360465
2022 0.651163
2023 0.94186
2024 0.857143
2025 0.616279
2026 0.906977
2027 1.19767
2028 1.42857
2029 0.872093
2030 1.16279
2031 1.45349
2032 0.6
2033 0.459459
2034 0.810811
2035 1.16216
2036 0.2
2037 0.295238
2038 0.533333
2039 0.771429
2040 0.6
2041 0.504762
2042 0.742857
2043 0.980952
2044 1
2045 0.714286
2046 0.952381
2047 1.19048
