#CSC Slope LUT
#Structure is comparator code (iCC) -> Stub slope
#iCC bits: 12
#<header> v1.0 12 32 </header>
0 0
1 0
2 0
3 0
4 0
5 0
6 0
7 0
8 0
9 0
10 0
11 0
12 0
13 0
14 0
15 0
16 0
17 0
18 0
19 0
20 0
21 1.5
22 1
23 0.5
24 0
25 1.5
26 1
27 0.5
28 0
29 1.5
30 1
31 0.5
32 0
33 0
34 0
35 0
36 0
37 0.642857
38 0.357143
39 0.0714286
40 0
41 0.571429
42 0.285714
43 7.08211e-13
44 0
45 0.5
46 0.214286
47 -0.0714286
48 0
49 0.785714
50 0.428571
51 0.0714286
52 0.5
53 0.8
54 0.5
55 0.2
56 0
57 0.7
58 0.4
59 0.1
60 -0.5
61 0.6
62 0.3
63 -1.19238e-13
64 0
65 0
66 0
67 0
68 0
69 1
70 0.714286
71 0.428571
72 0
73 0.928571
74 0.642857
75 0.357143
76 0
77 0.857143
78 0.571429
79 0.285714
80 0
81 1.07143
82 0.714282
83 0.357143
84 1
85 1.1
86 0.8
87 0.5
88 0.5
89 1
90 0.7
91 0.4
92 -3.95833e-13
93 0.9
94 0.6
95 0.3
96 0
97 0
98 0
99 0
100 0
101 1.35714
102 1.07143
103 0.785714
104 0
105 1.28571
106 1
107 0.714286
108 0
109 1.21429
110 0.928571
111 0.642857
112 0
113 1.35714
114 1
115 0.642857
116 1.5
117 1.4
118 1.1
119 0.8
120 1
121 1.3
122 1
123 0.7
124 0.5
125 1.2
126 0.9
127 0.6
128 0
129 0
130 0
131 0
132 0
133 0.730769
134 0.538461
135 0.346154
136 0
137 0.653846
138 0.461538
139 0.269227
140 0
141 0.576923
142 0.384615
143 0.192308
144 0
145 0.75
146 0.5
147 0.25
148 0.571429
149 0.771428
150 0.571429
151 0.371429
152 0.285714
153 0.685714
154 0.485714
155 0.285713
156 3.4861e-14
157 0.6
158 0.4
159 0.199995
160 0
161 0.730769
162 0.461538
163 0.192308
164 0.642857
165 0.7
166 0.5
167 0.3
168 0.285714
169 0.6
170 0.4
171 0.2
172 -0.0714286
173 0.5
174 0.3
175 0.1
176 4.25704e-12
177 0.685714
178 0.428571
179 0.171429
180 0.5
181 0.7
182 0.5
183 0.3
184 0.2
185 0.6
186 0.4
187 0.2
188 -0.1
189 0.5
190 0.3
191 0.1
192 0
193 0.807692
194 0.538462
195 0.269231
196 0.714286
197 0.8
198 0.6
199 0.4
200 0.357143
201 0.7
202 0.5
203 0.3
204 1.75415e-13
205 0.6
206 0.4
207 0.2
208 1.78479e-12
209 0.771429
210 0.514286
211 0.257143
212 0.6
213 0.8
214 0.6
215 0.4
216 0.3
217 0.7
218 0.5
219 0.3
220 -2.01172e-13
221 0.6
222 0.4
223 0.2
224 0
225 0.884615
226 0.615385
227 0.346154
228 0.785714
229 0.9
230 0.7
231 0.5
232 0.428571
233 0.8
234 0.6
235 0.4
236 0.0714286
237 0.7
238 0.5
239 0.3
240 4.5457e-12
241 0.857143
242 0.6
243 0.342857
244 0.7
245 0.9
246 0.7
247 0.5
248 0.4
249 0.8
250 0.6
251 0.4
252 0.1
253 0.7
254 0.5
255 0.3
256 0
257 0
258 0
259 0
260 0
261 1
262 0.807692
263 0.615385
264 0
265 0.923077
266 0.730769
267 0.538462
268 0
269 0.846154
270 0.653846
271 0.461538
272 0
273 1
274 0.75
275 0.5
276 0.928571
277 1.02857
278 0.828571
279 0.628571
280 0.642857
281 0.942857
282 0.742857
283 0.542857
284 0.357143
285 0.857143
286 0.657143
287 0.457143
288 0
289 0.923077
290 0.653846
291 0.384615
292 0.928571
293 0.9
294 0.7
295 0.5
296 0.571429
297 0.8
298 0.6
299 0.4
300 0.214286
301 0.7
302 0.5
303 0.3
304 0.5
305 0.885714
306 0.628571
307 0.371429
308 0.8
309 0.9
310 0.7
311 0.5
312 0.5
313 0.8
314 0.6
315 0.4
316 0.2
317 0.7
318 0.5
319 0.3
320 0
321 1
322 0.730769
323 0.461538
324 1
325 1
326 0.8
327 0.6
328 0.642857
329 0.9
330 0.7
331 0.5
332 0.285714
333 0.8
334 0.6
335 0.4
336 0.5
337 0.971429
338 0.714286
339 0.457143
340 0.9
341 1
342 0.8
343 0.6
344 0.6
345 0.9
346 0.7
347 0.5
348 0.3
349 0.8
350 0.6
351 0.4
352 0
353 1.07692
354 0.807692
355 0.538462
356 1.07143
357 1.1
358 0.9
359 0.7
360 0.714286
361 1
362 0.8
363 0.6
364 0.357143
365 0.9
366 0.7
367 0.5
368 0.5
369 1.05714
370 0.8
371 0.542857
372 1
373 1.1
374 0.9
375 0.7
376 0.7
377 1
378 0.8
379 0.6
380 0.4
381 0.9
382 0.7
383 0.5
384 0
385 0
386 0
387 0
388 0
389 1.26923
390 1.07692
391 0.884615
392 0
393 1.19231
394 1
395 0.807692
396 0
397 1.11538
398 0.923077
399 0.730769
400 0
401 1.25
402 1
403 0.75
404 1.28571
405 1.28571
406 1.08571
407 0.885714
408 1
409 1.2
410 1
411 0.8
412 0.714286
413 1.11429
414 0.914286
415 0.714286
416 0
417 1.11538
418 0.846154
419 0.576923
420 1.21429
421 1.1
422 0.9
423 0.7
424 0.857143
425 1
426 0.8
427 0.6
428 0.5
429 0.9
430 0.7
431 0.5
432 1
433 1.08571
434 0.828571
435 0.571429
436 1.1
437 1.1
438 0.9
439 0.7
440 0.8
441 1
442 0.8
443 0.6
444 0.5
445 0.9
446 0.7
447 0.5
448 0
449 1.19231
450 0.923077
451 0.653846
452 1.28571
453 1.2
454 1
455 0.8
456 0.928571
457 1.1
458 0.9
459 0.7
460 0.571429
461 1
462 0.8
463 0.6
464 1
465 1.17143
466 0.914286
467 0.657143
468 1.2
469 1.2
470 1
471 0.8
472 0.9
473 1.1
474 0.9
475 0.7
476 0.6
477 1
478 0.8
479 0.6
480 0
481 1.26923
482 1
483 0.730769
484 1.35714
485 1.3
486 1.1
487 0.9
488 1
489 1.2
490 1
491 0.8
492 0.642857
493 1.1
494 0.9
495 0.7
496 1
497 1.25714
498 1
499 0.742857
500 1.3
501 1.3
502 1.1
503 0.9
504 1
505 1.2
506 1
507 0.8
508 0.7
509 1.1
510 0.9
511 0.7
512 0
513 0
514 0
515 0
516 0
517 0.785714
518 0.642857
519 0.5
520 0
521 0.714286
522 0.571429
523 0.428571
524 0
525 0.642857
526 0.5
527 0.357143
528 0
529 0.763158
530 0.578947
531 0.394737
532 0.653846
533 0.785714
534 0.642857
535 0.5
536 0.461538
537 0.714286
538 0.571429
539 0.428571
540 0.269231
541 0.642857
542 0.5
543 0.357143
544 0
545 0.789474
546 0.578947
547 0.368421
548 0.75
549 0.762712
550 0.610169
551 0.457627
552 0.5
553 0.677966
554 0.525424
555 0.372881
556 0.25
557 0.59322
558 0.440678
559 0.288136
560 0.428571
561 0.730769
562 0.538462
563 0.346154
564 0.628571
565 0.743243
566 0.594595
567 0.445946
568 0.428571
569 0.662162
570 0.513514
571 0.364865
572 0.228571
573 0.581081
574 0.432432
575 0.283784
576 0
577 0.815789
578 0.605263
579 0.394737
580 0.75
581 0.813559
582 0.661017
583 0.508475
584 0.5
585 0.728814
586 0.576271
587 0.423729
588 0.25
589 0.644068
590 0.491525
591 0.338983
592 0.357143
593 0.769231
594 0.576923
595 0.384615
596 0.657143
597 0.797297
598 0.648649
599 0.5
600 0.457143
601 0.716216
602 0.567568
603 0.418919
604 0.257143
605 0.635135
606 0.486486
607 0.337838
608 0
609 0.842105
610 0.631579
611 0.421053
612 0.75
613 0.864407
614 0.711864
615 0.559322
616 0.5
617 0.779661
618 0.627119
619 0.474576
620 0.25
621 0.694915
622 0.542373
623 0.38983
624 0.285714
625 0.807692
626 0.615385
627 0.423077
628 0.685714
629 0.851351
630 0.702703
631 0.554054
632 0.485714
633 0.77027
634 0.621622
635 0.472973
636 0.285714
637 0.689189
638 0.540541
639 0.391892
640 0
641 0.785714
642 0.571429
643 0.357143
644 0.730769
645 0.764706
646 0.617647
647 0.470588
648 0.461538
649 0.676471
650 0.529412
651 0.382353
652 0.192308
653 0.588235
654 0.441176
655 0.294118
656 0.285714
657 0.711864
658 0.525424
659 0.338983
660 0.6
661 0.732558
662 0.593023
663 0.453488
664 0.4
665 0.651163
666 0.511628
667 0.372093
668 0.2
669 0.569767
670 0.430233
671 0.290698
672 1
673 0.785714
674 0.571429
675 0.357143
676 0.742857
677 0.755814
678 0.604651
679 0.453488
680 0.485714
681 0.662791
682 0.511628
683 0.360465
684 0.228571
685 0.569767
686 0.418605
687 0.267442
688 0.4
689 0.702703
690 0.513514
691 0.324324
692 0.6
693 0.714286
694 0.571429
695 0.428571
696 0.4
697 0.628571
698 0.485714
699 0.342857
700 0.2
701 0.542857
702 0.4
703 0.257143
704 0.5
705 0.785714
706 0.571429
707 0.357143
708 0.714286
709 0.77907
710 0.627907
711 0.476744
712 0.457143
713 0.686047
714 0.534884
715 0.383721
716 0.2
717 0.593023
718 0.44186
719 0.290698
720 0.3
721 0.716216
722 0.527027
723 0.337838
724 0.6
725 0.742857
726 0.6
727 0.457143
728 0.4
729 0.657143
730 0.514286
731 0.371429
732 0.2
733 0.571429
734 0.428571
735 0.285714
736 -5.4845e-13
737 0.785714
738 0.571429
739 0.357143
740 0.685714
741 0.802326
742 0.651163
743 0.5
744 0.428571
745 0.709302
746 0.55814
747 0.406977
748 0.171429
749 0.616279
750 0.465116
751 0.313953
752 0.2
753 0.72973
754 0.540541
755 0.351351
756 0.6
757 0.771429
758 0.628571
759 0.485714
760 0.4
761 0.685714
762 0.542857
763 0.4
764 0.2
765 0.6
766 0.457143
767 0.314286
768 0
769 0.857143
770 0.642857
771 0.428571
772 0.807692
773 0.852941
774 0.705882
775 0.558824
776 0.538462
777 0.764706
778 0.617647
779 0.470588
780 0.269231
781 0.676471
782 0.529412
783 0.382353
784 0.357143
785 0.79661
786 0.610169
787 0.423729
788 0.7
789 0.825581
790 0.686047
791 0.546512
792 0.5
793 0.744186
794 0.604651
795 0.465116
796 0.3
797 0.662791
798 0.523256
799 0.383721
800 1
801 0.857143
802 0.642857
803 0.428571
804 0.828571
805 0.837209
806 0.686047
807 0.534884
808 0.571429
809 0.744186
810 0.593023
811 0.44186
812 0.314286
813 0.651163
814 0.5
815 0.348837
816 0.5
817 0.783784
818 0.594595
819 0.405405
820 0.7
821 0.8
822 0.657143
823 0.514286
824 0.5
825 0.714286
826 0.571429
827 0.428571
828 0.3
829 0.628571
830 0.485714
831 0.342857
832 0.5
833 0.857143
834 0.642857
835 0.428571
836 0.8
837 0.860465
838 0.709302
839 0.55814
840 0.542857
841 0.767442
842 0.616279
843 0.465116
844 0.285714
845 0.674419
846 0.523256
847 0.372093
848 0.4
849 0.797297
850 0.608108
851 0.418919
852 0.7
853 0.828571
854 0.685714
855 0.542857
856 0.5
857 0.742857
858 0.6
859 0.457143
860 0.3
861 0.657143
862 0.514286
863 0.371429
864 -3.16858e-13
865 0.857143
866 0.642857
867 0.428571
868 0.771429
869 0.883721
870 0.732558
871 0.581395
872 0.514286
873 0.790698
874 0.639535
875 0.488372
876 0.257143
877 0.697674
878 0.546512
879 0.395349
880 0.3
881 0.810811
882 0.621622
883 0.432432
884 0.7
885 0.857143
886 0.714286
887 0.571429
888 0.5
889 0.771429
890 0.628571
891 0.485714
892 0.3
893 0.685714
894 0.542857
895 0.4
896 0
897 0.928571
898 0.714286
899 0.5
900 0.884615
901 0.941176
902 0.794118
903 0.647059
904 0.615385
905 0.852941
906 0.705882
907 0.558824
908 0.346154
909 0.764706
910 0.617647
911 0.470588
912 0.428571
913 0.881356
914 0.694915
915 0.508475
916 0.8
917 0.918605
918 0.77907
919 0.639535
920 0.6
921 0.837209
922 0.697674
923 0.55814
924 0.4
925 0.755814
926 0.616279
927 0.476744
928 1
929 0.928571
930 0.714286
931 0.5
932 0.914286
933 0.918605
934 0.767442
935 0.616279
936 0.657143
937 0.825581
938 0.674419
939 0.523256
940 0.4
941 0.732558
942 0.581395
943 0.430233
944 0.6
945 0.864865
946 0.675676
947 0.486486
948 0.8
949 0.885714
950 0.742857
951 0.6
952 0.6
953 0.8
954 0.657143
955 0.514286
956 0.4
957 0.714286
958 0.571429
959 0.428571
960 0.5
961 0.928571
962 0.714286
963 0.5
964 0.885714
965 0.94186
966 0.790698
967 0.639535
968 0.628571
969 0.848837
970 0.697674
971 0.546512
972 0.371429
973 0.755814
974 0.604651
975 0.453488
976 0.5
977 0.878378
978 0.689189
979 0.5
980 0.8
981 0.914286
982 0.771429
983 0.628571
984 0.6
985 0.828571
986 0.685714
987 0.542857
988 0.4
989 0.742857
990 0.6
991 0.457143
992 9.19043e-13
993 0.928571
994 0.714286
995 0.5
996 0.857143
997 0.965116
998 0.813953
999 0.662791
1000 0.6
1001 0.872093
1002 0.72093
1003 0.569767
1004 0.342857
1005 0.77907
1006 0.627907
1007 0.476744
1008 0.4
1009 0.891892
1010 0.702703
1011 0.513514
1012 0.8
1013 0.942857
1014 0.8
1015 0.657143
1016 0.6
1017 0.857143
1018 0.714286
1019 0.571429
1020 0.4
1021 0.771429
1022 0.628571
1023 0.485714
1024 0
1025 0
1026 0
1027 0
1028 0
1029 1
1030 0.857143
1031 0.714286
1032 0
1033 0.928571
1034 0.785714
1035 0.642857
1036 0
1037 0.857143
1038 0.714286
1039 0.571429
1040 0
1041 0.973684
1042 0.789474
1043 0.605263
1044 0.923077
1045 1
1046 0.857143
1047 0.714286
1048 0.730769
1049 0.928571
1050 0.785714
1051 0.642857
1052 0.538462
1053 0.857143
1054 0.714286
1055 0.571429
1056 0
1057 0.973684
1058 0.763158
1059 0.552632
1060 1
1061 0.949153
1062 0.79661
1063 0.644068
1064 0.75
1065 0.864407
1066 0.711864
1067 0.559322
1068 0.5
1069 0.779661
1070 0.627119
1071 0.474576
1072 0.785714
1073 0.923077
1074 0.730769
1075 0.538462
1076 0.885714
1077 0.932432
1078 0.783784
1079 0.635135
1080 0.685714
1081 0.851351
1082 0.702703
1083 0.554054
1084 0.485714
1085 0.77027
1086 0.621622
1087 0.472973
1088 0
1089 1
1090 0.789474
1091 0.578947
1092 1
1093 1
1094 0.847458
1095 0.694915
1096 0.75
1097 0.915254
1098 0.762712
1099 0.610169
1100 0.5
1101 0.830508
1102 0.677966
1103 0.525424
1104 0.714286
1105 0.961538
1106 0.769231
1107 0.576923
1108 0.914286
1109 0.986486
1110 0.837838
1111 0.689189
1112 0.714286
1113 0.905405
1114 0.756757
1115 0.608108
1116 0.514286
1117 0.824324
1118 0.675676
1119 0.527027
1120 0
1121 1.02632
1122 0.815789
1123 0.605263
1124 1
1125 1.05085
1126 0.898305
1127 0.745763
1128 0.75
1129 0.966102
1130 0.813559
1131 0.661017
1132 0.5
1133 0.881356
1134 0.728814
1135 0.576271
1136 0.642857
1137 1
1138 0.807692
1139 0.615385
1140 0.942857
1141 1.04054
1142 0.891892
1143 0.743243
1144 0.742857
1145 0.959459
1146 0.810811
1147 0.662162
1148 0.542857
1149 0.878378
1150 0.72973
1151 0.581081
1152 0
1153 0.928571
1154 0.714286
1155 0.5
1156 0.923077
1157 0.911765
1158 0.764706
1159 0.617647
1160 0.653846
1161 0.823529
1162 0.676471
1163 0.529412
1164 0.384615
1165 0.735294
1166 0.588235
1167 0.441176
1168 0.571429
1169 0.864407
1170 0.677966
1171 0.491525
1172 0.8
1173 0.883721
1174 0.744186
1175 0.604651
1176 0.6
1177 0.802326
1178 0.662791
1179 0.523256
1180 0.4
1181 0.72093
1182 0.581395
1183 0.44186
1184 1.5
1185 0.928571
1186 0.714286
1187 0.5
1188 0.942857
1189 0.895349
1190 0.744186
1191 0.593023
1192 0.685714
1193 0.802326
1194 0.651163
1195 0.5
1196 0.428571
1197 0.709302
1198 0.55814
1199 0.406977
1200 0.7
1201 0.851351
1202 0.662162
1203 0.472973
1204 0.8
1205 0.857143
1206 0.714286
1207 0.571429
1208 0.6
1209 0.771429
1210 0.628571
1211 0.485714
1212 0.4
1213 0.685714
1214 0.542857
1215 0.4
1216 1
1217 0.928571
1218 0.714286
1219 0.5
1220 0.914286
1221 0.918605
1222 0.767442
1223 0.616279
1224 0.657143
1225 0.825581
1226 0.674419
1227 0.523256
1228 0.4
1229 0.732558
1230 0.581395
1231 0.430233
1232 0.6
1233 0.864865
1234 0.675676
1235 0.486486
1236 0.8
1237 0.885714
1238 0.742857
1239 0.6
1240 0.6
1241 0.8
1242 0.657143
1243 0.514286
1244 0.4
1245 0.714286
1246 0.571429
1247 0.428571
1248 0.5
1249 0.928571
1250 0.714286
1251 0.5
1252 0.885714
1253 0.94186
1254 0.790698
1255 0.639535
1256 0.628571
1257 0.848837
1258 0.697674
1259 0.546512
1260 0.371429
1261 0.755814
1262 0.604651
1263 0.453488
1264 0.5
1265 0.878378
1266 0.689189
1267 0.5
1268 0.8
1269 0.914286
1270 0.771429
1271 0.628571
1272 0.6
1273 0.828571
1274 0.685714
1275 0.542857
1276 0.4
1277 0.742857
1278 0.6
1279 0.457143
1280 0
1281 1
1282 0.785714
1283 0.571429
1284 1
1285 1
1286 0.852941
1287 0.705882
1288 0.730769
1289 0.911765
1290 0.764706
1291 0.617647
1292 0.461538
1293 0.823529
1294 0.676471
1295 0.529412
1296 0.642857
1297 0.949153
1298 0.762712
1299 0.576271
1300 0.9
1301 0.976744
1302 0.837209
1303 0.697674
1304 0.7
1305 0.895349
1306 0.755814
1307 0.616279
1308 0.5
1309 0.813953
1310 0.674419
1311 0.534884
1312 1.5
1313 1
1314 0.785714
1315 0.571429
1316 1.02857
1317 0.976744
1318 0.825581
1319 0.674419
1320 0.771429
1321 0.883721
1322 0.732558
1323 0.581395
1324 0.514286
1325 0.790698
1326 0.639535
1327 0.488372
1328 0.8
1329 0.932432
1330 0.743243
1331 0.554054
1332 0.9
1333 0.942857
1334 0.8
1335 0.657143
1336 0.7
1337 0.857143
1338 0.714286
1339 0.571429
1340 0.5
1341 0.771429
1342 0.628571
1343 0.485714
1344 1
1345 1
1346 0.785714
1347 0.571429
1348 1
1349 1
1350 0.848837
1351 0.697674
1352 0.742857
1353 0.906977
1354 0.755814
1355 0.604651
1356 0.485714
1357 0.813953
1358 0.662791
1359 0.511628
1360 0.7
1361 0.945946
1362 0.756757
1363 0.567568
1364 0.9
1365 0.971429
1366 0.828571
1367 0.685714
1368 0.7
1369 0.885714
1370 0.742857
1371 0.6
1372 0.5
1373 0.8
1374 0.657143
1375 0.514286
1376 0.5
1377 1
1378 0.785714
1379 0.571429
1380 0.971429
1381 1.02326
1382 0.872093
1383 0.72093
1384 0.714286
1385 0.930233
1386 0.77907
1387 0.627907
1388 0.457143
1389 0.837209
1390 0.686047
1391 0.534884
1392 0.6
1393 0.959459
1394 0.77027
1395 0.581081
1396 0.9
1397 1
1398 0.857143
1399 0.714286
1400 0.7
1401 0.914286
1402 0.771429
1403 0.628571
1404 0.5
1405 0.828571
1406 0.685714
1407 0.542857
1408 0
1409 1.07143
1410 0.857143
1411 0.642857
1412 1.07692
1413 1.08824
1414 0.941176
1415 0.794118
1416 0.807692
1417 1
1418 0.852941
1419 0.705882
1420 0.538462
1421 0.911765
1422 0.764706
1423 0.617647
1424 0.714286
1425 1.0339
1426 0.847458
1427 0.661017
1428 1
1429 1.06977
1430 0.930233
1431 0.790698
1432 0.8
1433 0.988372
1434 0.848837
1435 0.709302
1436 0.6
1437 0.906977
1438 0.767442
1439 0.627907
1440 1.5
1441 1.07143
1442 0.857143
1443 0.642857
1444 1.11429
1445 1.05814
1446 0.906977
1447 0.755814
1448 0.857143
1449 0.965116
1450 0.813953
1451 0.662791
1452 0.6
1453 0.872093
1454 0.72093
1455 0.569767
1456 0.9
1457 1.01351
1458 0.824324
1459 0.635135
1460 1
1461 1.02857
1462 0.885714
1463 0.742857
1464 0.8
1465 0.942857
1466 0.8
1467 0.657143
1468 0.6
1469 0.857143
1470 0.714286
1471 0.571429
1472 1
1473 1.07143
1474 0.857143
1475 0.642857
1476 1.08571
1477 1.0814
1478 0.930233
1479 0.77907
1480 0.828571
1481 0.988372
1482 0.837209
1483 0.686047
1484 0.571429
1485 0.895349
1486 0.744186
1487 0.593023
1488 0.8
1489 1.02703
1490 0.837838
1491 0.648649
1492 1
1493 1.05714
1494 0.914286
1495 0.771429
1496 0.8
1497 0.971429
1498 0.828571
1499 0.685714
1500 0.6
1501 0.885714
1502 0.742857
1503 0.6
1504 0.5
1505 1.07143
1506 0.857143
1507 0.642857
1508 1.05714
1509 1.10465
1510 0.953488
1511 0.802326
1512 0.8
1513 1.01163
1514 0.860465
1515 0.709302
1516 0.542857
1517 0.918605
1518 0.767442
1519 0.616279
1520 0.7
1521 1.04054
1522 0.851351
1523 0.662162
1524 1
1525 1.08571
1526 0.942857
1527 0.8
1528 0.8
1529 1
1530 0.857143
1531 0.714286
1532 0.6
1533 0.914286
1534 0.771429
1535 0.628571
1536 0
1537 0
1538 0
1539 0
1540 0
1541 1.21429
1542 1.07143
1543 0.928571
1544 0
1545 1.14286
1546 1
1547 0.857143
1548 0
1549 1.07143
1550 0.928571
1551 0.785714
1552 0
1553 1.18421
1554 1
1555 0.815789
1556 1.19231
1557 1.21429
1558 1.07143
1559 0.928571
1560 1
1561 1.14286
1562 1
1563 0.857143
1564 0.807692
1565 1.07143
1566 0.928571
1567 0.785714
1568 0
1569 1.15789
1570 0.947368
1571 0.736842
1572 1.25
1573 1.13559
1574 0.983051
1575 0.830508
1576 1
1577 1.05085
1578 0.898305
1579 0.745763
1580 0.75
1581 0.966102
1582 0.813559
1583 0.661017
1584 1.14286
1585 1.11538
1586 0.923077
1587 0.730769
1588 1.14286
1589 1.12162
1590 0.972973
1591 0.824324
1592 0.942857
1593 1.04054
1594 0.891892
1595 0.743243
1596 0.742857
1597 0.959459
1598 0.810811
1599 0.662162
1600 0
1601 1.18421
1602 0.973684
1603 0.763158
1604 1.25
1605 1.18644
1606 1.0339
1607 0.881356
1608 1
1609 1.10169
1610 0.949153
1611 0.79661
1612 0.75
1613 1.01695
1614 0.864407
1615 0.711864
1616 1.07143
1617 1.15385
1618 0.961538
1619 0.769231
1620 1.17143
1621 1.17568
1622 1.02703
1623 0.878378
1624 0.971429
1625 1.09459
1626 0.945946
1627 0.797297
1628 0.771429
1629 1.01351
1630 0.864865
1631 0.716216
1632 0
1633 1.21053
1634 1
1635 0.789474
1636 1.25
1637 1.23729
1638 1.08475
1639 0.932203
1640 1
1641 1.15254
1642 1
1643 0.847458
1644 0.75
1645 1.0678
1646 0.915254
1647 0.762712
1648 1
1649 1.19231
1650 1
1651 0.807692
1652 1.2
1653 1.22973
1654 1.08108
1655 0.932432
1656 1
1657 1.14865
1658 1
1659 0.851351
1660 0.8
1661 1.06757
1662 0.918919
1663 0.77027
1664 0
1665 1.07143
1666 0.857143
1667 0.642857
1668 1.11538
1669 1.05882
1670 0.911765
1671 0.764706
1672 0.846154
1673 0.970588
1674 0.823529
1675 0.676471
1676 0.576923
1677 0.882353
1678 0.735294
1679 0.588235
1680 0.857143
1681 1.01695
1682 0.830508
1683 0.644068
1684 1
1685 1.03488
1686 0.895349
1687 0.755814
1688 0.8
1689 0.953488
1690 0.813953
1691 0.674419
1692 0.6
1693 0.872093
1694 0.732558
1695 0.593023
1696 2
1697 1.07143
1698 0.857143
1699 0.642857
1700 1.14286
1701 1.03488
1702 0.883721
1703 0.732558
1704 0.885714
1705 0.94186
1706 0.790698
1707 0.639535
1708 0.628571
1709 0.848837
1710 0.697674
1711 0.546512
1712 1
1713 1
1714 0.810811
1715 0.621622
1716 1
1717 1
1718 0.857143
1719 0.714286
1720 0.8
1721 0.914286
1722 0.771429
1723 0.628571
1724 0.6
1725 0.828571
1726 0.685714
1727 0.542857
1728 1.5
1729 1.07143
1730 0.857143
1731 0.642857
1732 1.11429
1733 1.05814
1734 0.906977
1735 0.755814
1736 0.857143
1737 0.965116
1738 0.813953
1739 0.662791
1740 0.6
1741 0.872093
1742 0.72093
1743 0.569767
1744 0.9
1745 1.01351
1746 0.824324
1747 0.635135
1748 1
1749 1.02857
1750 0.885714
1751 0.742857
1752 0.8
1753 0.942857
1754 0.8
1755 0.657143
1756 0.6
1757 0.857143
1758 0.714286
1759 0.571429
1760 1
1761 1.07143
1762 0.857143
1763 0.642857
1764 1.08571
1765 1.0814
1766 0.930233
1767 0.77907
1768 0.828571
1769 0.988372
1770 0.837209
1771 0.686047
1772 0.571429
1773 0.895349
1774 0.744186
1775 0.593023
1776 0.8
1777 1.02703
1778 0.837838
1779 0.648649
1780 1
1781 1.05714
1782 0.914286
1783 0.771429
1784 0.8
1785 0.971429
1786 0.828571
1787 0.685714
1788 0.6
1789 0.885714
1790 0.742857
1791 0.6
1792 0
1793 1.14286
1794 0.928571
1795 0.714286
1796 1.19231
1797 1.14706
1798 1
1799 0.852941
1800 0.923077
1801 1.05882
1802 0.911765
1803 0.764706
1804 0.653846
1805 0.970588
1806 0.823529
1807 0.676471
1808 0.928571
1809 1.10169
1810 0.915254
1811 0.728814
1812 1.1
1813 1.12791
1814 0.988372
1815 0.848837
1816 0.9
1817 1.04651
1818 0.906977
1819 0.767442
1820 0.7
1821 0.965116
1822 0.825581
1823 0.686047
1824 2
1825 1.14286
1826 0.928571
1827 0.714286
1828 1.22857
1829 1.11628
1830 0.965116
1831 0.813953
1832 0.971429
1833 1.02326
1834 0.872093
1835 0.72093
1836 0.714286
1837 0.930233
1838 0.77907
1839 0.627907
1840 1.1
1841 1.08108
1842 0.891892
1843 0.702703
1844 1.1
1845 1.08571
1846 0.942857
1847 0.8
1848 0.9
1849 1
1850 0.857143
1851 0.714286
1852 0.7
1853 0.914286
1854 0.771429
1855 0.628571
1856 1.5
1857 1.14286
1858 0.928571
1859 0.714286
1860 1.2
1861 1.13953
1862 0.988372
1863 0.837209
1864 0.942857
1865 1.04651
1866 0.895349
1867 0.744186
1868 0.685714
1869 0.953488
1870 0.802326
1871 0.651163
1872 1
1873 1.09459
1874 0.905405
1875 0.716216
1876 1.1
1877 1.11429
1878 0.971429
1879 0.828571
1880 0.9
1881 1.02857
1882 0.885714
1883 0.742857
1884 0.7
1885 0.942857
1886 0.8
1887 0.657143
1888 1
1889 1.14286
1890 0.928571
1891 0.714286
1892 1.17143
1893 1.16279
1894 1.01163
1895 0.860465
1896 0.914286
1897 1.06977
1898 0.918605
1899 0.767442
1900 0.657143
1901 0.976744
1902 0.825581
1903 0.674419
1904 0.9
1905 1.10811
1906 0.918919
1907 0.72973
1908 1.1
1909 1.14286
1910 1
1911 0.857143
1912 0.9
1913 1.05714
1914 0.914286
1915 0.771429
1916 0.7
1917 0.971429
1918 0.828571
1919 0.685714
1920 0
1921 1.21429
1922 1
1923 0.785714
1924 1.26923
1925 1.23529
1926 1.08824
1927 0.941176
1928 1
1929 1.14706
1930 1
1931 0.852941
1932 0.730769
1933 1.05882
1934 0.911765
1935 0.764706
1936 1
1937 1.18644
1938 1
1939 0.813559
1940 1.2
1941 1.22093
1942 1.0814
1943 0.94186
1944 1
1945 1.13953
1946 1
1947 0.860465
1948 0.8
1949 1.05814
1950 0.918605
1951 0.77907
1952 2
1953 1.21429
1954 1
1955 0.785714
1956 1.31429
1957 1.19767
1958 1.04651
1959 0.895349
1960 1.05714
1961 1.10465
1962 0.953488
1963 0.802326
1964 0.8
1965 1.01163
1966 0.860465
1967 0.709302
1968 1.2
1969 1.16216
1970 0.972973
1971 0.783784
1972 1.2
1973 1.17143
1974 1.02857
1975 0.885714
1976 1
1977 1.08571
1978 0.942857
1979 0.8
1980 0.8
1981 1
1982 0.857143
1983 0.714286
1984 1.5
1985 1.21429
1986 1
1987 0.785714
1988 1.28571
1989 1.22093
1990 1.06977
1991 0.918605
1992 1.02857
1993 1.12791
1994 0.976744
1995 0.825581
1996 0.771429
1997 1.03488
1998 0.883721
1999 0.732558
2000 1.1
2001 1.17568
2002 0.986486
2003 0.797297
2004 1.2
2005 1.2
2006 1.05714
2007 0.914286
2008 1
2009 1.11429
2010 0.971429
2011 0.828571
2012 0.8
2013 1.02857
2014 0.885714
2015 0.742857
2016 1
2017 1.21429
2018 1
2019 0.785714
2020 1.25714
2021 1.24419
2022 1.09302
2023 0.94186
2024 1
2025 1.15116
2026 1
2027 0.848837
2028 0.742857
2029 1.05814
2030 0.906977
2031 0.755814
2032 1
2033 1.18919
2034 1
2035 0.810811
2036 1.2
2037 1.22857
2038 1.08571
2039 0.942857
2040 1
2041 1.14286
2042 1
2043 0.857143
2044 0.8
2045 1.05714
2046 0.914286
2047 0.771429
