#CSC Position Offset LUT
#Structure is comparator code (iCC) -> Stub position offset
#iCC bits: 12
#<header> v1.0 12 32 </header>
0 0
1 0
2 0
3 0
4 0
5 0
6 0
7 0
8 0
9 0
10 0
11 0
12 0
13 0
14 0
15 0
16 0
17 0
18 0
19 0
20 0
21 0.166667
22 2.63434e-12
23 -0.166667
24 0
25 0.5
26 0.333333
27 0.166667
28 0
29 0.833333
30 0.666667
31 0.5
32 0
33 0
34 0
35 0
36 0
37 -0.142857
38 1.10134e-13
39 0.142857
40 0
41 0.142857
42 0.285714
43 0.428571
44 0
45 0.428571
46 0.571429
47 0.714286
48 0
49 -0.214286
50 1.45661e-13
51 0.214286
52 -3.69044e-09
53 -0.1
54 -1.28342e-12
55 0.1
56 0.333333
57 0.1
58 0.2
59 0.3
60 0.666667
61 0.3
62 0.4
63 0.5
64 0
65 0
66 0
67 0
68 0
69 0.428571
70 0.571429
71 0.714286
72 0
73 0.714286
74 0.857143
75 1
76 0
77 1
78 1.14286
79 1.28571
80 0
81 0.214286
82 0.428571
83 0.642857
84 0.333333
85 0.3
86 0.4
87 0.5
88 0.666667
89 0.5
90 0.6
91 0.7
92 1
93 0.7
94 0.8
95 0.9
96 0
97 0
98 0
99 0
100 0
101 1
102 1.14286
103 1.28571
104 0
105 1.28571
106 1.42857
107 1.57143
108 0
109 1.57143
110 1.71429
111 1.85714
112 0
113 0.642857
114 0.857143
115 1.07143
116 0.666667
117 0.7
118 0.8
119 0.9
120 1
121 0.9
122 1
123 1.1
124 1.33333
125 1.1
126 1.2
127 1.3
128 0
129 0
130 0
131 0
132 0
133 -0.269231
134 2.91323e-13
135 0.269231
136 0
137 0.0384615
138 0.307692
139 0.576923
140 0
141 0.346154
142 0.615385
143 0.884615
144 0
145 -0.333333
146 -5.06793e-10
147 0.333333
148 -2.2915e-13
149 -0.2
150 -3.3662e-13
151 0.2
152 0.428571
153 0.0285714
154 0.228571
155 0.428571
156 0.857143
157 0.257143
158 0.457143
159 0.657143
160 0
161 -0.423077
162 -2.99316e-13
163 0.423077
164 1.98952e-13
165 -0.25
166 2.92767e-09
167 0.25
168 0.571429
169 3.66032e-09
170 0.25
171 0.5
172 1.14286
173 0.25
174 0.5
175 0.75
176 2.80842e-12
177 -0.314286
178 -4.13003e-13
179 0.314286
180 3.14415e-13
181 -0.2
182 -1.28918e-09
183 0.2
184 0.4
185 -7.79534e-10
186 0.2
187 0.4
188 0.8
189 0.2
190 0.4
191 0.6
192 0
193 -0.115385
194 0.307692
195 0.730769
196 0.285714
197 -2.23388e-10
198 0.25
199 0.5
200 0.857143
201 0.25
202 0.5
203 0.75
204 1.42857
205 0.5
206 0.75
207 1
208 0.333333
209 -0.0857143
210 0.228571
211 0.542857
212 0.2
213 -1.83194e-09
214 0.2
215 0.4
216 0.6
217 0.2
218 0.4
219 0.6
220 1
221 0.4
222 0.6
223 0.8
224 0
225 0.192308
226 0.615385
227 1.03846
228 0.571429
229 0.25
230 0.5
231 0.75
232 1.14286
233 0.5
234 0.75
235 1
236 1.71429
237 0.75
238 1
239 1.25
240 0.666667
241 0.142857
242 0.457143
243 0.771429
244 0.4
245 0.2
246 0.4
247 0.6
248 0.8
249 0.4
250 0.6
251 0.8
252 1.2
253 0.6
254 0.8
255 1
256 0
257 0
258 0
259 0
260 0
261 0.153846
262 0.423077
263 0.692308
264 0
265 0.461538
266 0.730769
267 1
268 0
269 0.769231
270 1.03846
271 1.30769
272 0
273 4.51384e-09
274 0.333333
275 0.666667
276 0.214286
277 0.114286
278 0.314286
279 0.514286
280 0.642857
281 0.342857
282 0.542857
283 0.742857
284 1.07143
285 0.571429
286 0.771429
287 0.971429
288 0
289 -0.153846
290 0.269231
291 0.692308
292 0.142857
293 -1.13959e-09
294 0.25
295 0.5
296 0.714286
297 0.25
298 0.5
299 0.75
300 1.28571
301 0.5
302 0.75
303 1
304 -0.166667
305 -0.114286
306 0.2
307 0.514286
308 0.1
309 3.34729e-09
310 0.2
311 0.4
312 0.5
313 0.2
314 0.4
315 0.6
316 0.9
317 0.4
318 0.6
319 0.8
320 0
321 0.153846
322 0.576923
323 1
324 0.428571
325 0.25
326 0.5
327 0.75
328 1
329 0.5
330 0.75
331 1
332 1.57143
333 0.75
334 1
335 1.25
336 0.166667
337 0.114286
338 0.428571
339 0.742857
340 0.3
341 0.2
342 0.4
343 0.6
344 0.7
345 0.4
346 0.6
347 0.8
348 1.1
349 0.6
350 0.8
351 1
352 0
353 0.461538
354 0.884615
355 1.30769
356 0.714286
357 0.5
358 0.75
359 1
360 1.28571
361 0.75
362 1
363 1.25
364 1.85714
365 1
366 1.25
367 1.5
368 0.5
369 0.342857
370 0.657143
371 0.971429
372 0.5
373 0.4
374 0.6
375 0.8
376 0.9
377 0.6
378 0.8
379 1
380 1.3
381 0.8
382 1
383 1.2
384 0
385 0
386 0
387 0
388 0
389 0.576923
390 0.846154
391 1.11538
392 0
393 0.884615
394 1.15385
395 1.42308
396 0
397 1.19231
398 1.46154
399 1.73077
400 0
401 0.333333
402 0.666667
403 1
404 0.428591
405 0.428571
406 0.628571
407 0.828571
408 0.857143
409 0.657143
410 0.857143
411 1.05714
412 1.28571
413 0.885714
414 1.08571
415 1.28571
416 0
417 0.115385
418 0.538462
419 0.961538
420 0.285714
421 0.25
422 0.5
423 0.75
424 0.857143
425 0.5
426 0.75
427 1
428 1.42857
429 0.75
430 1
431 1.25
432 -0.333333
433 0.0857143
434 0.4
435 0.714286
436 0.2
437 0.2
438 0.4
439 0.6
440 0.6
441 0.4
442 0.6
443 0.8
444 1
445 0.6
446 0.8
447 1
448 0
449 0.423077
450 0.846154
451 1.26923
452 0.571429
453 0.5
454 0.75
455 1
456 1.14286
457 0.75
458 1
459 1.25
460 1.71429
461 1
462 1.25
463 1.5
464 5.32907e-15
465 0.314286
466 0.628571
467 0.942857
468 0.4
469 0.4
470 0.6
471 0.8
472 0.8
473 0.6
474 0.8
475 1
476 1.2
477 0.8
478 1
479 1.2
480 0
481 0.730769
482 1.15385
483 1.57692
484 0.857143
485 0.75
486 1
487 1.25
488 1.42857
489 1
490 1.25
491 1.5
492 2
493 1.25
494 1.5
495 1.75
496 0.333333
497 0.542857
498 0.857143
499 1.17143
500 0.6
501 0.6
502 0.8
503 1
504 1
505 0.8
506 1
507 1.2
508 1.4
509 1
510 1.2
511 1.4
512 0
513 0
514 0
515 0
516 0
517 -2.08684e-09
518 0.333333
519 0.666667
520 0
521 0.333333
522 0.666667
523 1
524 0
525 0.666667
526 1
527 1.33333
528 0
529 -0.131579
530 0.263158
531 0.657895
532 0.153846
533 1.17659e-10
534 0.25
535 0.5
536 0.615385
537 0.25
538 0.5
539 0.75
540 1.07692
541 0.5
542 0.75
543 1
544 0
545 -0.263158
546 0.210526
547 0.684211
548 0.0833333
549 -0.0847458
550 0.20339
551 0.491525
552 0.666667
553 0.186441
554 0.474576
555 0.762712
556 1.25
557 0.457627
558 0.745763
559 1.0339
560 -0.142857
561 -0.192308
562 0.153846
563 0.5
564 0.0571429
565 -0.0675676
566 0.162162
567 0.391892
568 0.457143
569 0.148649
570 0.378378
571 0.608108
572 0.857143
573 0.364865
574 0.594595
575 0.824324
576 0
577 0.0526316
578 0.526316
579 1
580 0.416667
581 0.152542
582 0.440678
583 0.728814
584 1
585 0.423729
586 0.711864
587 1
588 1.58333
589 0.694915
590 0.983051
591 1.27119
592 0.285714
593 0.0384615
594 0.384615
595 0.730769
596 0.285714
597 0.121622
598 0.351351
599 0.581081
600 0.685714
601 0.337838
602 0.567568
603 0.797297
604 1.08571
605 0.554054
606 0.783784
607 1.01351
608 0
609 0.368421
610 0.842105
611 1.31579
612 0.75
613 0.38983
614 0.677966
615 0.966102
616 1.33333
617 0.661017
618 0.949153
619 1.23729
620 1.91667
621 0.932203
622 1.22034
623 1.50847
624 0.714286
625 0.269231
626 0.615385
627 0.961538
628 0.514286
629 0.310811
630 0.540541
631 0.77027
632 0.914286
633 0.527027
634 0.756757
635 0.986486
636 1.31429
637 0.743243
638 0.972973
639 1.2027
640 0
641 -0.357143
642 0.190476
643 0.738095
644 0.0769231
645 -0.147059
646 0.176471
647 0.5
648 0.769231
649 0.147059
650 0.470588
651 0.794118
652 1.46154
653 0.441176
654 0.764706
655 1.08824
656 -0.142857
657 -0.254237
658 0.135593
659 0.525424
660 0.05
661 -0.116279
662 0.139535
663 0.395349
664 0.5
665 0.116279
666 0.372093
667 0.627907
668 0.95
669 0.348837
670 0.604651
671 0.860465
672 -0.666667
673 -0.357143
674 0.107143
675 0.571429
676 4.76064e-13
677 -0.174419
678 0.116279
679 0.406977
680 0.571429
681 0.0813954
682 0.372093
683 0.662791
684 1.14286
685 0.337209
686 0.627907
687 0.918605
688 -0.2
689 -0.27027
690 0.0810811
691 0.432432
692 -1.04805e-13
693 -0.142857
694 0.0952381
695 0.333333
696 0.4
697 0.0666667
698 0.304762
699 0.542857
700 0.8
701 0.27619
702 0.514286
703 0.752381
704 0.666667
705 -0.107143
706 0.357143
707 0.821429
708 0.285714
709 0.0116279
710 0.302326
711 0.593023
712 0.857143
713 0.267442
714 0.55814
715 0.848837
716 1.42857
717 0.523256
718 0.813953
719 1.10465
720 0.2
721 -0.0810811
722 0.27027
723 0.621622
724 0.2
725 0.00952381
726 0.247619
727 0.485714
728 0.6
729 0.219048
730 0.457143
731 0.695238
732 1
733 0.428571
734 0.666667
735 0.904762
736 2
737 0.142857
738 0.607143
739 1.07143
740 0.571429
741 0.197674
742 0.488372
743 0.77907
744 1.14286
745 0.453488
746 0.744186
747 1.03488
748 1.71429
749 0.709302
750 1
751 1.2907
752 0.6
753 0.108108
754 0.459459
755 0.810811
756 0.4
757 0.161905
758 0.4
759 0.638095
760 0.8
761 0.371429
762 0.609524
763 0.847619
764 1.2
765 0.580952
766 0.819048
767 1.05714
768 0
769 -0.0952381
770 0.452381
771 1
772 0.307692
773 0.0588235
774 0.382353
775 0.705882
776 1
777 0.352941
778 0.676471
779 1
780 1.69231
781 0.647059
782 0.970588
783 1.29412
784 0.0714286
785 -0.0677966
786 0.322034
787 0.711864
788 0.2
789 0.0465116
790 0.302326
791 0.55814
792 0.65
793 0.27907
794 0.534884
795 0.790698
796 1.1
797 0.511628
798 0.767442
799 1.02326
800 -0.333333
801 -0.178571
802 0.285714
803 0.75
804 0.142857
805 -0.0232558
806 0.267442
807 0.55814
808 0.714286
809 0.232558
810 0.523256
811 0.813953
812 1.28571
813 0.488372
814 0.77907
815 1.06977
816 -0.1
817 -0.135135
818 0.216216
819 0.567568
820 0.1
821 -0.0190476
822 0.219048
823 0.457143
824 0.5
825 0.190476
826 0.428571
827 0.666667
828 0.9
829 0.4
830 0.638095
831 0.87619
832 1
833 0.0714286
834 0.535714
835 1
836 0.428571
837 0.162791
838 0.453488
839 0.744186
840 1
841 0.418605
842 0.709302
843 1
844 1.57143
845 0.674419
846 0.965116
847 1.25581
848 0.3
849 0.0540541
850 0.405405
851 0.756757
852 0.3
853 0.133333
854 0.371429
855 0.609524
856 0.7
857 0.342857
858 0.580952
859 0.819048
860 1.1
861 0.552381
862 0.790476
863 1.02857
864 2.33333
865 0.321429
866 0.785714
867 1.25
868 0.714286
869 0.348837
870 0.639535
871 0.930233
872 1.28571
873 0.604651
874 0.895349
875 1.18605
876 1.85714
877 0.860465
878 1.15116
879 1.44186
880 0.7
881 0.243243
882 0.594595
883 0.945946
884 0.5
885 0.285714
886 0.52381
887 0.761905
888 0.9
889 0.495238
890 0.733333
891 0.971429
892 1.3
893 0.704762
894 0.942857
895 1.18095
896 0
897 0.166667
898 0.714286
899 1.2619
900 0.538462
901 0.264706
902 0.588235
903 0.911765
904 1.23077
905 0.558824
906 0.882353
907 1.20588
908 1.92308
909 0.852941
910 1.17647
911 1.5
912 0.285714
913 0.118644
914 0.508475
915 0.898305
916 0.35
917 0.209302
918 0.465116
919 0.72093
920 0.8
921 0.44186
922 0.697674
923 0.953488
924 1.25
925 0.674419
926 0.930233
927 1.18605
928 8.88178e-14
929 4.34319e-13
930 0.464286
931 0.928571
932 0.285714
933 0.127907
934 0.418605
935 0.709302
936 0.857143
937 0.383721
938 0.674419
939 0.965116
940 1.42857
941 0.639535
942 0.930233
943 1.22093
944 -1.2399e-12
945 2.17604e-13
946 0.351351
947 0.702703
948 0.2
949 0.104762
950 0.342857
951 0.580952
952 0.6
953 0.314286
954 0.552381
955 0.790476
956 1
957 0.52381
958 0.761905
959 1
960 1.33333
961 0.25
962 0.714286
963 1.17857
964 0.571429
965 0.313953
966 0.604651
967 0.895349
968 1.14286
969 0.569767
970 0.860465
971 1.15116
972 1.71429
973 0.825581
974 1.11628
975 1.40698
976 0.4
977 0.189189
978 0.540541
979 0.891892
980 0.4
981 0.257143
982 0.495238
983 0.733333
984 0.8
985 0.466667
986 0.704762
987 0.942857
988 1.2
989 0.67619
990 0.914286
991 1.15238
992 2.66667
993 0.5
994 0.964286
995 1.42857
996 0.857143
997 0.5
998 0.790698
999 1.0814
1000 1.42857
1001 0.755814
1002 1.04651
1003 1.33721
1004 2
1005 1.01163
1006 1.30233
1007 1.59302
1008 0.8
1009 0.378378
1010 0.72973
1011 1.08108
1012 0.6
1013 0.409524
1014 0.647619
1015 0.885714
1016 1
1017 0.619048
1018 0.857143
1019 1.09524
1020 1.4
1021 0.828571
1022 1.06667
1023 1.30476
1024 0
1025 0
1026 0
1027 0
1028 0
1029 0.333333
1030 0.666667
1031 1
1032 0
1033 0.666667
1034 1
1035 1.33333
1036 0
1037 1
1038 1.33333
1039 1.66667
1040 0
1041 0.131579
1042 0.526316
1043 0.921053
1044 0.307692
1045 0.25
1046 0.5
1047 0.75
1048 0.769231
1049 0.5
1050 0.75
1051 1
1052 1.23077
1053 0.75
1054 1
1055 1.25
1056 0
1057 -0.0526316
1058 0.421053
1059 0.894737
1060 0.166667
1061 0.118644
1062 0.40678
1063 0.694915
1064 0.75
1065 0.38983
1066 0.677966
1067 0.966102
1068 1.33333
1069 0.661017
1070 0.949153
1071 1.23729
1072 -0.285714
1073 -0.0384615
1074 0.307692
1075 0.653846
1076 0.114286
1077 0.0945946
1078 0.324324
1079 0.554054
1080 0.514286
1081 0.310811
1082 0.540541
1083 0.77027
1084 0.914286
1085 0.527027
1086 0.756757
1087 0.986486
1088 0
1089 0.263158
1090 0.736842
1091 1.21053
1092 0.5
1093 0.355932
1094 0.644068
1095 0.932203
1096 1.08333
1097 0.627119
1098 0.915254
1099 1.20339
1100 1.66667
1101 0.898305
1102 1.18644
1103 1.47458
1104 0.142857
1105 0.192308
1106 0.538462
1107 0.884615
1108 0.342857
1109 0.283784
1110 0.513514
1111 0.743243
1112 0.742857
1113 0.5
1114 0.72973
1115 0.959459
1116 1.14286
1117 0.716216
1118 0.945946
1119 1.17568
1120 0
1121 0.578947
1122 1.05263
1123 1.52632
1124 0.833333
1125 0.59322
1126 0.881356
1127 1.16949
1128 1.41667
1129 0.864407
1130 1.15254
1131 1.44068
1132 2
1133 1.13559
1134 1.42373
1135 1.71186
1136 0.571429
1137 0.423077
1138 0.769231
1139 1.11538
1140 0.571429
1141 0.472973
1142 0.702703
1143 0.932432
1144 0.971429
1145 0.689189
1146 0.918919
1147 1.14865
1148 1.37143
1149 0.905405
1150 1.13514
1151 1.36486
1152 0
1153 -0.166667
1154 0.380952
1155 0.928571
1156 0.153846
1157 0.0294118
1158 0.352941
1159 0.676471
1160 0.846154
1161 0.323529
1162 0.647059
1163 0.970588
1164 1.53846
1165 0.617647
1166 0.941176
1167 1.26471
1168 -0.285714
1169 -0.118644
1170 0.271186
1171 0.661017
1172 0.1
1173 0.0232558
1174 0.27907
1175 0.534884
1176 0.55
1177 0.255814
1178 0.511628
1179 0.767442
1180 1
1181 0.488372
1182 0.744186
1183 1
1184 -1.33333
1185 -0.25
1186 0.214286
1187 0.678571
1188 -6.79456e-13
1189 -0.0581395
1190 0.232558
1191 0.523256
1192 0.571429
1193 0.197674
1194 0.488372
1195 0.77907
1196 1.14286
1197 0.453488
1198 0.744186
1199 1.03488
1200 -0.4
1201 -0.189189
1202 0.162162
1203 0.513514
1204 1.42109e-14
1205 -0.047619
1206 0.190476
1207 0.428571
1208 0.4
1209 0.161905
1210 0.4
1211 0.638095
1212 0.8
1213 0.371429
1214 0.609524
1215 0.847619
1216 -7.21201e-13
1217 3.7037e-13
1218 0.464286
1219 0.928571
1220 0.285714
1221 0.127907
1222 0.418605
1223 0.709302
1224 0.857143
1225 0.383721
1226 0.674419
1227 0.965116
1228 1.42857
1229 0.639535
1230 0.930233
1231 1.22093
1232 -3.95417e-12
1233 5.08038e-13
1234 0.351351
1235 0.702703
1236 0.2
1237 0.104762
1238 0.342857
1239 0.580952
1240 0.6
1241 0.314286
1242 0.552381
1243 0.790476
1244 1
1245 0.52381
1246 0.761905
1247 1
1248 1.33333
1249 0.25
1250 0.714286
1251 1.17857
1252 0.571429
1253 0.313953
1254 0.604651
1255 0.895349
1256 1.14286
1257 0.569767
1258 0.860465
1259 1.15116
1260 1.71429
1261 0.825581
1262 1.11628
1263 1.40698
1264 0.4
1265 0.189189
1266 0.540541
1267 0.891892
1268 0.4
1269 0.257143
1270 0.495238
1271 0.733333
1272 0.8
1273 0.466667
1274 0.704762
1275 0.942857
1276 1.2
1277 0.67619
1278 0.914286
1279 1.15238
1280 0
1281 0.0952381
1282 0.642857
1283 1.19048
1284 0.384615
1285 0.235294
1286 0.558824
1287 0.882353
1288 1.07692
1289 0.529412
1290 0.852941
1291 1.17647
1292 1.76923
1293 0.823529
1294 1.14706
1295 1.47059
1296 -0.0714286
1297 0.0677966
1298 0.457627
1299 0.847458
1300 0.25
1301 0.186047
1302 0.44186
1303 0.697674
1304 0.7
1305 0.418605
1306 0.674419
1307 0.930233
1308 1.15
1309 0.651163
1310 0.906977
1311 1.16279
1312 -1
1313 -0.0714286
1314 0.392857
1315 0.857143
1316 0.142857
1317 0.0930233
1318 0.383721
1319 0.674419
1320 0.714286
1321 0.348837
1322 0.639535
1323 0.930233
1324 1.28571
1325 0.604651
1326 0.895349
1327 1.18605
1328 -0.3
1329 -0.0540541
1330 0.297297
1331 0.648649
1332 0.1
1333 0.0761905
1334 0.314286
1335 0.552381
1336 0.5
1337 0.285714
1338 0.52381
1339 0.761905
1340 0.9
1341 0.495238
1342 0.733333
1343 0.971429
1344 0.333333
1345 0.178571
1346 0.642857
1347 1.10714
1348 0.428571
1349 0.27907
1350 0.569767
1351 0.860465
1352 1
1353 0.534884
1354 0.825581
1355 1.11628
1356 1.57143
1357 0.790698
1358 1.0814
1359 1.37209
1360 0.1
1361 0.135135
1362 0.486486
1363 0.837838
1364 0.3
1365 0.228571
1366 0.466667
1367 0.704762
1368 0.7
1369 0.438095
1370 0.67619
1371 0.914286
1372 1.1
1373 0.647619
1374 0.885714
1375 1.12381
1376 1.66667
1377 0.428571
1378 0.892857
1379 1.35714
1380 0.714286
1381 0.465116
1382 0.755814
1383 1.04651
1384 1.28571
1385 0.72093
1386 1.01163
1387 1.30233
1388 1.85714
1389 0.976744
1390 1.26744
1391 1.55814
1392 0.5
1393 0.324324
1394 0.675676
1395 1.02703
1396 0.5
1397 0.380952
1398 0.619048
1399 0.857143
1400 0.9
1401 0.590476
1402 0.828571
1403 1.06667
1404 1.3
1405 0.8
1406 1.0381
1407 1.27619
1408 0
1409 0.357143
1410 0.904762
1411 1.45238
1412 0.615385
1413 0.441176
1414 0.764706
1415 1.08824
1416 1.30769
1417 0.735294
1418 1.05882
1419 1.38235
1420 2
1421 1.02941
1422 1.35294
1423 1.67647
1424 0.142857
1425 0.254237
1426 0.644068
1427 1.0339
1428 0.4
1429 0.348837
1430 0.604651
1431 0.860465
1432 0.85
1433 0.581395
1434 0.837209
1435 1.09302
1436 1.3
1437 0.813953
1438 1.06977
1439 1.32558
1440 -0.666667
1441 0.107143
1442 0.571429
1443 1.03571
1444 0.285714
1445 0.244186
1446 0.534884
1447 0.825581
1448 0.857143
1449 0.5
1450 0.790698
1451 1.0814
1452 1.42857
1453 0.755814
1454 1.04651
1455 1.33721
1456 -0.2
1457 0.0810811
1458 0.432432
1459 0.783784
1460 0.2
1461 0.2
1462 0.438095
1463 0.67619
1464 0.6
1465 0.409524
1466 0.647619
1467 0.885714
1468 1
1469 0.619048
1470 0.857143
1471 1.09524
1472 0.666667
1473 0.357143
1474 0.821429
1475 1.28571
1476 0.571429
1477 0.430233
1478 0.72093
1479 1.01163
1480 1.14286
1481 0.686047
1482 0.976744
1483 1.26744
1484 1.71429
1485 0.94186
1486 1.23256
1487 1.52326
1488 0.2
1489 0.27027
1490 0.621622
1491 0.972973
1492 0.4
1493 0.352381
1494 0.590476
1495 0.828571
1496 0.8
1497 0.561905
1498 0.8
1499 1.0381
1500 1.2
1501 0.771429
1502 1.00952
1503 1.24762
1504 2
1505 0.607143
1506 1.07143
1507 1.53571
1508 0.857143
1509 0.616279
1510 0.906977
1511 1.19767
1512 1.42857
1513 0.872093
1514 1.16279
1515 1.45349
1516 2
1517 1.12791
1518 1.4186
1519 1.7093
1520 0.6
1521 0.459459
1522 0.810811
1523 1.16216
1524 0.6
1525 0.504762
1526 0.742857
1527 0.980952
1528 1
1529 0.714286
1530 0.952381
1531 1.19048
1532 1.4
1533 0.92381
1534 1.1619
1535 1.4
1536 0
1537 0
1538 0
1539 0
1540 0
1541 0.666667
1542 1
1543 1.33333
1544 0
1545 1
1546 1.33333
1547 1.66667
1548 0
1549 1.33333
1550 1.66667
1551 2
1552 0
1553 0.394737
1554 0.789474
1555 1.18421
1556 0.461607
1557 0.5
1558 0.75
1559 1
1560 0.923077
1561 0.75
1562 1
1563 1.25
1564 1.38462
1565 1
1566 1.25
1567 1.5
1568 0
1569 0.157895
1570 0.631579
1571 1.10526
1572 0.25
1573 0.322034
1574 0.610169
1575 0.898305
1576 0.833333
1577 0.59322
1578 0.881356
1579 1.16949
1580 1.41667
1581 0.864407
1582 1.15254
1583 1.44068
1584 -0.428571
1585 0.115385
1586 0.461538
1587 0.807692
1588 0.171429
1589 0.256757
1590 0.486486
1591 0.716216
1592 0.571429
1593 0.472973
1594 0.702703
1595 0.932432
1596 0.971429
1597 0.689189
1598 0.918919
1599 1.14865
1600 0
1601 0.473684
1602 0.947368
1603 1.42105
1604 0.583333
1605 0.559322
1606 0.847458
1607 1.13559
1608 1.16667
1609 0.830508
1610 1.11864
1611 1.40678
1612 1.75
1613 1.10169
1614 1.38983
1615 1.67797
1616 3.29869e-12
1617 0.346154
1618 0.692308
1619 1.03846
1620 0.4
1621 0.445946
1622 0.675676
1623 0.905405
1624 0.8
1625 0.662162
1626 0.891892
1627 1.12162
1628 1.2
1629 0.878378
1630 1.10811
1631 1.33784
1632 0
1633 0.789474
1634 1.26316
1635 1.73684
1636 0.916667
1637 0.79661
1638 1.08475
1639 1.37288
1640 1.5
1641 1.0678
1642 1.35593
1643 1.64407
1644 2.08333
1645 1.33898
1646 1.62712
1647 1.91525
1648 0.428571
1649 0.576923
1650 0.923077
1651 1.26923
1652 0.628571
1653 0.635135
1654 0.864865
1655 1.09459
1656 1.02857
1657 0.851351
1658 1.08108
1659 1.31081
1660 1.42857
1661 1.06757
1662 1.2973
1663 1.52703
1664 0
1665 0.0238095
1666 0.571429
1667 1.11905
1668 0.230769
1669 0.205882
1670 0.529412
1671 0.852941
1672 0.923077
1673 0.5
1674 0.823529
1675 1.14706
1676 1.61538
1677 0.794118
1678 1.11765
1679 1.44118
1680 -0.428571
1681 0.0169492
1682 0.40678
1683 0.79661
1684 0.15
1685 0.162791
1686 0.418605
1687 0.674419
1688 0.6
1689 0.395349
1690 0.651163
1691 0.906977
1692 1.05
1693 0.627907
1694 0.883721
1695 1.13953
1696 -2
1697 -0.142857
1698 0.321429
1699 0.785714
1700 1.01696e-12
1701 0.0581395
1702 0.348837
1703 0.639535
1704 0.571429
1705 0.313953
1706 0.604651
1707 0.895349
1708 1.14286
1709 0.569767
1710 0.860465
1711 1.15116
1712 -0.6
1713 -0.108108
1714 0.243243
1715 0.594595
1716 -1.95399e-14
1717 0.047619
1718 0.285714
1719 0.52381
1720 0.4
1721 0.257143
1722 0.495238
1723 0.733333
1724 0.8
1725 0.466667
1726 0.704762
1727 0.942857
1728 -0.666667
1729 0.107143
1730 0.571429
1731 1.03571
1732 0.285714
1733 0.244186
1734 0.534884
1735 0.825581
1736 0.857143
1737 0.5
1738 0.790698
1739 1.0814
1740 1.42857
1741 0.755814
1742 1.04651
1743 1.33721
1744 -0.2
1745 0.0810811
1746 0.432432
1747 0.783784
1748 0.2
1749 0.2
1750 0.438095
1751 0.67619
1752 0.6
1753 0.409524
1754 0.647619
1755 0.885714
1756 1
1757 0.619048
1758 0.857143
1759 1.09524
1760 0.666667
1761 0.357143
1762 0.821429
1763 1.28571
1764 0.571429
1765 0.430233
1766 0.72093
1767 1.01163
1768 1.14286
1769 0.686047
1770 0.976744
1771 1.26744
1772 1.71429
1773 0.94186
1774 1.23256
1775 1.52326
1776 0.2
1777 0.27027
1778 0.621622
1779 0.972973
1780 0.4
1781 0.352381
1782 0.590476
1783 0.828571
1784 0.8
1785 0.561905
1786 0.8
1787 1.0381
1788 1.2
1789 0.771429
1790 1.00952
1791 1.24762
1792 0
1793 0.285714
1794 0.833333
1795 1.38095
1796 0.461538
1797 0.411765
1798 0.735294
1799 1.05882
1800 1.15385
1801 0.705882
1802 1.02941
1803 1.35294
1804 1.84615
1805 1
1806 1.32353
1807 1.64706
1808 -0.214286
1809 0.20339
1810 0.59322
1811 0.983051
1812 0.3
1813 0.325581
1814 0.581395
1815 0.837209
1816 0.75
1817 0.55814
1818 0.813953
1819 1.06977
1820 1.2
1821 0.790698
1822 1.04651
1823 1.30233
1824 -1.66667
1825 0.0357143
1826 0.5
1827 0.964286
1828 0.142857
1829 0.209302
1830 0.5
1831 0.790698
1832 0.714286
1833 0.465116
1834 0.755814
1835 1.04651
1836 1.28571
1837 0.72093
1838 1.01163
1839 1.30233
1840 -0.5
1841 0.027027
1842 0.378378
1843 0.72973
1844 0.1
1845 0.171429
1846 0.409524
1847 0.647619
1848 0.5
1849 0.380952
1850 0.619048
1851 0.857143
1852 0.9
1853 0.590476
1854 0.828571
1855 1.06667
1856 -0.333333
1857 0.285714
1858 0.75
1859 1.21429
1860 0.428571
1861 0.395349
1862 0.686047
1863 0.976744
1864 1
1865 0.651163
1866 0.94186
1867 1.23256
1868 1.57143
1869 0.906977
1870 1.19767
1871 1.48837
1872 -0.1
1873 0.216216
1874 0.567568
1875 0.918919
1876 0.3
1877 0.32381
1878 0.561905
1879 0.8
1880 0.7
1881 0.533333
1882 0.771429
1883 1.00952
1884 1.1
1885 0.742857
1886 0.980952
1887 1.21905
1888 1
1889 0.535714
1890 1
1891 1.46429
1892 0.714286
1893 0.581395
1894 0.872093
1895 1.16279
1896 1.28571
1897 0.837209
1898 1.12791
1899 1.4186
1900 1.85714
1901 1.09302
1902 1.38372
1903 1.67442
1904 0.3
1905 0.405445
1906 0.756757
1907 1.10811
1908 0.5
1909 0.47619
1910 0.714286
1911 0.952381
1912 0.9
1913 0.685714
1914 0.92381
1915 1.1619
1916 1.3
1917 0.895238
1918 1.13333
1919 1.37143
1920 0
1921 0.547619
1922 1.09524
1923 1.64286
1924 0.692308
1925 0.617647
1926 0.941176
1927 1.26471
1928 1.38462
1929 0.911765
1930 1.23529
1931 1.55882
1932 2.07692
1933 1.20588
1934 1.52941
1935 1.85294
1936 8.03801e-13
1937 0.38983
1938 0.779661
1939 1.16949
1940 0.45
1941 0.488372
1942 0.744186
1943 1
1944 0.9
1945 0.72093
1946 0.976744
1947 1.23256
1948 1.35
1949 0.953488
1950 1.2093
1951 1.46512
1952 -1.33333
1953 0.214286
1954 0.678571
1955 1.14286
1956 0.285714
1957 0.360465
1958 0.651163
1959 0.94186
1960 0.857143
1961 0.616279
1962 0.906977
1963 1.19767
1964 1.42857
1965 0.872093
1966 1.16279
1967 1.45349
1968 -0.4
1969 0.162205
1970 0.513514
1971 0.864865
1972 0.2
1973 0.295238
1974 0.533333
1975 0.771429
1976 0.6
1977 0.504762
1978 0.742857
1979 0.980952
1980 1
1981 0.714286
1982 0.952381
1983 1.19048
1984 5.25802e-13
1985 0.464286
1986 0.928571
1987 1.39286
1988 0.571429
1989 0.546512
1990 0.837209
1991 1.12791
1992 1.14286
1993 0.802326
1994 1.09302
1995 1.38372
1996 1.71429
1997 1.05814
1998 1.34884
1999 1.63953
2000 -1.77636e-14
2001 0.351351
2002 0.702703
2003 1.05405
2004 0.4
2005 0.447619
2006 0.685714
2007 0.92381
2008 0.8
2009 0.657143
2010 0.895238
2011 1.13333
2012 1.2
2013 0.866667
2014 1.10476
2015 1.34286
2016 1.33333
2017 0.714286
2018 1.17867
2019 1.64286
2020 0.857143
2021 0.732558
2022 1.02326
2023 1.31395
2024 1.42857
2025 0.988372
2026 1.27907
2027 1.56977
2028 2
2029 1.24419
2030 1.53488
2031 1.82558
2032 0.4
2033 0.540495
2034 0.891926
2035 1.24324
2036 0.6
2037 0.6
2038 0.838095
2039 1.07619
2040 1
2041 0.809524
2042 1.04762
2043 1.28571
2044 1.4
2045 1.01905
2046 1.25714
2047 1.49524
