#CSC Slope LUT
#Structure is comparator code (iCC) -> Stub slope
#iCC bits: 12
#<header> v1.0 12 32 </header>
0 16
1 16
2 16
3 16
4 16
5 16
6 16
7 16
8 16
9 16
10 16
11 16
12 16
13 16
14 16
15 16
16 16
17 16
18 16
19 16
20 16
21 20
22 0
23 4
24 16
25 20
26 0
27 4
28 16
29 20
30 0
31 4
32 16
33 16
34 16
35 16
36 16
37 16
38 2
39 4
40 16
41 0
42 2
43 5
44 16
45 1
46 3
47 5
48 16
49 16
50 2
51 5
52 16
53 16
54 1
55 4
56 4
57 0
58 2
59 4
60 8
61 0
62 3
63 5
64 16
65 16
66 16
67 16
68 16
69 18
70 16
71 1
72 16
73 18
74 16
75 2
76 16
77 17
78 0
79 2
80 16
81 18
82 16
83 2
84 20
85 19
86 16
87 1
88 0
89 18
90 16
91 2
92 4
93 17
94 0
95 3
96 16
97 16
98 16
99 16
100 16
101 21
102 19
103 17
104 16
105 21
106 18
107 16
108 16
109 20
110 18
111 16
112 16
113 21
114 18
115 0
116 24
117 21
118 19
119 16
120 20
121 20
122 18
123 0
124 16
125 20
126 17
127 0
128 16
129 16
130 16
131 16
132 16
133 16
134 1
135 3
136 16
137 0
138 2
139 3
140 16
141 1
142 2
143 4
144 16
145 16
146 2
147 4
148 0
149 16
150 1
151 2
152 2
153 0
154 2
155 3
156 5
157 1
158 2
159 4
160 16
161 0
162 2
163 4
164 16
165 16
166 1
167 3
168 2
169 0
170 2
171 4
172 5
173 1
174 3
175 4
176 4
177 0
178 2
179 4
180 0
181 16
182 1
183 3
184 3
185 0
186 2
187 4
188 5
189 1
190 3
191 4
192 16
193 16
194 1
195 3
196 16
197 16
198 0
199 2
200 2
201 16
202 1
203 3
204 5
205 0
206 2
207 4
208 4
209 16
210 1
211 3
212 0
213 16
214 0
215 2
216 2
217 16
218 1
219 3
220 4
221 0
222 2
223 4
224 16
225 17
226 0
227 3
228 17
229 17
230 16
231 1
232 1
233 16
234 0
235 2
236 4
237 0
238 1
239 3
240 4
241 17
242 0
243 2
244 16
245 17
246 0
247 1
248 1
249 16
250 0
251 2
252 4
253 0
254 1
255 3
256 16
257 16
258 16
259 16
260 16
261 18
262 16
263 0
264 16
265 17
266 16
267 1
268 16
269 16
270 0
271 2
272 16
273 18
274 16
275 2
276 18
277 18
278 16
279 0
280 16
281 17
282 0
283 1
284 2
285 16
286 0
287 2
288 16
289 17
290 0
291 2
292 18
293 17
294 16
295 1
296 0
297 16
298 0
299 2
300 3
301 16
302 1
303 3
304 16
305 17
306 0
307 2
308 17
309 17
310 16
311 1
312 0
313 16
314 0
315 2
316 3
317 16
318 1
319 3
320 16
321 18
322 0
323 2
324 18
325 18
326 16
327 0
328 16
329 17
330 16
331 1
332 2
333 16
334 0
335 2
336 16
337 18
338 0
339 2
340 18
341 18
342 16
343 0
344 0
345 17
346 16
347 1
348 2
349 16
350 0
351 2
352 16
353 18
354 16
355 1
356 19
357 19
358 17
359 0
360 16
361 18
362 16
363 0
364 2
365 17
366 0
367 1
368 16
369 18
370 16
371 1
372 19
373 19
374 17
375 16
376 16
377 18
378 16
379 0
380 1
381 17
382 0
383 1
384 16
385 16
386 16
387 16
388 16
389 20
390 18
391 17
392 16
393 19
394 18
395 16
396 16
397 19
398 17
399 0
400 16
401 20
402 18
403 16
404 21
405 20
406 18
407 17
408 18
409 19
410 18
411 16
412 16
413 18
414 17
415 0
416 16
417 19
418 16
419 1
420 20
421 19
422 17
423 16
424 17
425 18
426 16
427 0
428 1
429 17
430 0
431 1
432 20
433 18
434 16
435 1
436 20
437 19
438 17
439 0
440 17
441 18
442 16
443 0
444 0
445 17
446 16
447 1
448 16
449 19
450 17
451 0
452 21
453 20
454 18
455 16
456 18
457 19
458 17
459 16
460 0
461 18
462 16
463 0
464 20
465 19
466 17
467 0
468 20
469 20
470 18
471 16
472 18
473 19
474 17
475 0
476 16
477 18
478 16
479 0
480 16
481 20
482 18
483 16
484 21
485 20
486 19
487 17
488 18
489 20
490 18
491 16
492 16
493 19
494 17
495 0
496 20
497 20
498 18
499 16
500 21
501 20
502 19
503 17
504 19
505 20
506 18
507 16
508 16
509 19
510 17
511 16
512 16
513 16
514 16
515 16
516 16
517 16
518 1
519 2
520 16
521 0
522 1
523 2
524 16
525 1
526 2
527 3
528 16
529 0
530 1
531 3
532 0
533 16
534 1
535 2
536 2
537 0
538 1
539 2
540 3
541 1
542 2
543 3
544 16
545 16
546 1
547 3
548 16
549 16
550 1
551 2
552 2
553 0
554 1
555 3
556 4
557 1
558 2
559 3
560 2
561 0
562 1
563 3
564 0
565 0
566 1
567 2
568 2
569 0
570 1
571 3
572 3
573 1
574 2
575 3
576 16
577 16
578 1
579 3
580 16
581 16
582 0
583 2
584 2
585 0
586 1
587 2
588 4
589 0
590 2
591 3
592 2
593 16
594 1
595 3
596 0
597 16
598 0
599 2
600 2
601 0
602 1
603 2
604 3
605 0
606 2
607 3
608 16
609 16
610 1
611 2
612 16
613 16
614 0
615 1
616 2
617 16
618 1
619 2
620 4
621 0
622 1
623 2
624 3
625 16
626 1
627 2
628 0
629 16
630 0
631 1
632 1
633 16
634 1
635 2
636 3
637 0
638 1
639 2
640 16
641 0
642 1
643 3
644 0
645 16
646 1
647 2
648 2
649 0
650 1
651 3
652 4
653 1
654 2
655 3
656 2
657 0
658 1
659 3
660 0
661 0
662 1
663 2
664 2
665 0
666 1
667 3
668 4
669 1
670 2
671 3
672 0
673 0
674 1
675 3
676 16
677 16
678 1
679 2
680 2
681 0
682 1
683 3
684 4
685 1
686 2
687 3
688 2
689 0
690 1
691 3
692 0
693 0
694 1
695 2
696 2
697 0
698 2
699 3
700 4
701 1
702 2
703 3
704 4
705 0
706 1
707 3
708 0
709 16
710 1
711 2
712 2
713 0
714 1
715 2
716 4
717 1
718 2
719 3
720 3
721 0
722 1
723 3
724 0
725 16
726 1
727 2
728 2
729 0
730 1
731 2
732 4
733 1
734 2
735 3
736 8
737 16
738 1
739 3
740 0
741 16
742 0
743 2
744 2
745 0
746 1
747 2
748 4
749 1
750 2
751 3
752 4
753 0
754 1
755 3
756 0
757 16
758 0
759 2
760 2
761 0
762 1
763 2
764 4
765 1
766 2
767 3
768 16
769 16
770 1
771 2
772 16
773 16
774 0
775 1
776 1
777 0
778 1
779 2
780 3
781 0
782 1
783 3
784 2
785 16
786 1
787 2
788 0
789 16
790 0
791 1
792 1
793 0
794 1
795 2
796 3
797 0
798 1
799 2
800 16
801 16
802 1
803 2
804 16
805 16
806 0
807 1
808 1
809 0
810 1
811 2
812 3
813 0
814 2
815 3
816 1
817 16
818 1
819 2
820 16
821 16
822 0
823 1
824 1
825 0
826 1
827 2
828 3
829 0
830 2
831 3
832 4
833 16
834 1
835 2
836 16
837 16
838 0
839 1
840 1
841 16
842 1
843 2
844 3
845 0
846 1
847 3
848 2
849 16
850 1
851 2
852 0
853 16
854 0
855 1
856 1
857 16
858 1
859 2
860 3
861 0
862 1
863 2
864 8
865 16
866 1
867 2
868 16
869 17
870 0
871 1
872 1
873 16
874 0
875 2
876 3
877 0
878 1
879 2
880 3
881 16
882 1
883 2
884 0
885 16
886 0
887 1
888 1
889 16
890 0
891 2
892 3
893 0
894 1
895 2
896 16
897 17
898 0
899 2
900 17
901 17
902 16
903 0
904 0
905 16
906 0
907 1
908 3
909 0
910 1
911 2
912 1
913 16
914 0
915 2
916 16
917 17
918 16
919 0
920 0
921 16
922 0
923 1
924 2
925 16
926 1
927 2
928 0
929 17
930 0
931 2
932 17
933 17
934 16
935 1
936 0
937 16
938 0
939 1
940 2
941 0
942 1
943 2
944 0
945 16
946 0
947 2
948 16
949 17
950 16
951 1
952 0
953 16
954 0
955 1
956 2
957 0
958 1
959 2
960 4
961 17
962 0
963 2
964 17
965 17
966 16
967 0
968 0
969 16
970 0
971 1
972 2
973 16
974 1
975 2
976 1
977 16
978 0
979 2
980 16
981 17
982 16
983 0
984 0
985 16
986 0
987 1
988 2
989 0
990 1
991 2
992 8
993 17
994 0
995 2
996 16
997 17
998 16
999 0
1000 1
1001 16
1002 0
1003 1
1004 3
1005 16
1006 1
1007 2
1008 2
1009 17
1010 0
1011 1
1012 16
1013 17
1014 16
1015 0
1016 0
1017 16
1018 0
1019 1
1020 2
1021 16
1022 0
1023 2
1024 16
1025 16
1026 16
1027 16
1028 16
1029 17
1030 16
1031 0
1032 16
1033 17
1034 0
1035 1
1036 16
1037 16
1038 0
1039 1
1040 16
1041 17
1042 0
1043 1
1044 17
1045 17
1046 16
1047 0
1048 16
1049 17
1050 0
1051 1
1052 1
1053 16
1054 0
1055 1
1056 16
1057 17
1058 0
1059 1
1060 18
1061 17
1062 16
1063 0
1064 16
1065 16
1066 0
1067 1
1068 2
1069 16
1070 1
1071 2
1072 16
1073 17
1074 0
1075 1
1076 17
1077 17
1078 16
1079 0
1080 0
1081 16
1082 0
1083 1
1084 1
1085 16
1086 1
1087 2
1088 16
1089 17
1090 0
1091 1
1092 18
1093 17
1094 16
1095 0
1096 0
1097 17
1098 16
1099 1
1100 2
1101 16
1102 0
1103 1
1104 0
1105 17
1106 0
1107 1
1108 17
1109 17
1110 16
1111 0
1112 0
1113 17
1114 16
1115 1
1116 1
1117 16
1118 0
1119 1
1120 16
1121 17
1122 16
1123 1
1124 18
1125 18
1126 17
1127 0
1128 16
1129 17
1130 16
1131 0
1132 2
1133 16
1134 0
1135 1
1136 0
1137 17
1138 16
1139 1
1140 17
1141 18
1142 17
1143 0
1144 16
1145 17
1146 16
1147 0
1148 1
1149 16
1150 0
1151 1
1152 16
1153 17
1154 0
1155 2
1156 17
1157 17
1158 16
1159 1
1160 0
1161 16
1162 0
1163 1
1164 2
1165 0
1166 1
1167 2
1168 0
1169 16
1170 0
1171 2
1172 16
1173 17
1174 0
1175 1
1176 0
1177 16
1178 0
1179 1
1180 2
1181 0
1182 1
1183 2
1184 20
1185 17
1186 0
1187 2
1188 17
1189 17
1190 0
1191 1
1192 0
1193 16
1194 0
1195 2
1196 2
1197 0
1198 1
1199 2
1200 16
1201 16
1202 0
1203 2
1204 16
1205 16
1206 0
1207 1
1208 0
1209 16
1210 0
1211 2
1212 2
1213 0
1214 1
1215 2
1216 0
1217 17
1218 0
1219 2
1220 17
1221 17
1222 16
1223 1
1224 0
1225 16
1226 0
1227 1
1228 2
1229 0
1230 1
1231 2
1232 0
1233 16
1234 0
1235 2
1236 16
1237 17
1238 0
1239 1
1240 0
1241 16
1242 0
1243 1
1244 2
1245 0
1246 1
1247 2
1248 4
1249 17
1250 0
1251 2
1252 17
1253 17
1254 16
1255 0
1256 0
1257 16
1258 0
1259 1
1260 2
1261 16
1262 1
1263 2
1264 1
1265 16
1266 0
1267 2
1268 16
1269 17
1270 16
1271 0
1272 0
1273 16
1274 0
1275 1
1276 2
1277 16
1278 1
1279 2
1280 16
1281 17
1282 0
1283 1
1284 18
1285 17
1286 16
1287 0
1288 0
1289 17
1290 16
1291 1
1292 2
1293 16
1294 0
1295 1
1296 16
1297 17
1298 16
1299 1
1300 17
1301 17
1302 16
1303 0
1304 0
1305 17
1306 0
1307 1
1308 1
1309 16
1310 0
1311 1
1312 20
1313 17
1314 16
1315 1
1316 18
1317 17
1318 16
1319 0
1320 16
1321 17
1322 0
1323 1
1324 1
1325 16
1326 0
1327 2
1328 16
1329 17
1330 0
1331 1
1332 17
1333 17
1334 16
1335 0
1336 16
1337 16
1338 0
1339 1
1340 1
1341 16
1342 0
1343 2
1344 16
1345 17
1346 0
1347 1
1348 18
1349 17
1350 16
1351 0
1352 0
1353 17
1354 16
1355 1
1356 2
1357 16
1358 0
1359 1
1360 0
1361 17
1362 0
1363 1
1364 17
1365 17
1366 16
1367 0
1368 0
1369 17
1370 16
1371 1
1372 1
1373 16
1374 0
1375 1
1376 4
1377 17
1378 0
1379 1
1380 17
1381 18
1382 16
1383 0
1384 0
1385 17
1386 16
1387 1
1388 2
1389 16
1390 0
1391 1
1392 0
1393 17
1394 16
1395 1
1396 17
1397 18
1398 16
1399 0
1400 0
1401 17
1402 16
1403 0
1404 1
1405 16
1406 0
1407 1
1408 16
1409 18
1410 16
1411 1
1412 18
1413 18
1414 17
1415 16
1416 16
1417 17
1418 16
1419 0
1420 1
1421 17
1422 0
1423 1
1424 16
1425 18
1426 16
1427 0
1428 18
1429 18
1430 17
1431 16
1432 16
1433 17
1434 16
1435 0
1436 0
1437 17
1438 16
1439 1
1440 20
1441 18
1442 16
1443 1
1444 18
1445 18
1446 17
1447 0
1448 16
1449 17
1450 16
1451 0
1452 1
1453 16
1454 0
1455 1
1456 17
1457 18
1458 16
1459 0
1460 18
1461 18
1462 17
1463 16
1464 16
1465 17
1466 16
1467 0
1468 0
1469 16
1470 0
1471 1
1472 16
1473 18
1474 16
1475 1
1476 18
1477 18
1478 17
1479 16
1480 16
1481 17
1482 16
1483 0
1484 1
1485 17
1486 0
1487 1
1488 16
1489 18
1490 16
1491 0
1492 18
1493 18
1494 17
1495 16
1496 16
1497 17
1498 16
1499 0
1500 0
1501 17
1502 0
1503 1
1504 4
1505 18
1506 16
1507 1
1508 18
1509 18
1510 17
1511 16
1512 16
1513 18
1514 16
1515 0
1516 1
1517 17
1518 16
1519 1
1520 0
1521 18
1522 16
1523 0
1524 18
1525 18
1526 17
1527 16
1528 16
1529 18
1530 16
1531 0
1532 0
1533 17
1534 16
1535 0
1536 16
1537 16
1538 16
1539 16
1540 16
1541 19
1542 18
1543 17
1544 16
1545 18
1546 17
1547 16
1548 16
1549 18
1550 17
1551 0
1552 16
1553 19
1554 17
1555 16
1556 19
1557 19
1558 18
1559 17
1560 18
1561 18
1562 17
1563 16
1564 16
1565 18
1566 17
1567 16
1568 16
1569 18
1570 17
1571 0
1572 20
1573 18
1574 17
1575 16
1576 18
1577 18
1578 17
1579 0
1580 0
1581 17
1582 16
1583 0
1584 19
1585 18
1586 17
1587 0
1588 19
1589 18
1590 17
1591 16
1592 17
1593 18
1594 17
1595 0
1596 16
1597 17
1598 16
1599 0
1600 16
1601 19
1602 17
1603 0
1604 20
1605 19
1606 18
1607 16
1608 18
1609 18
1610 17
1611 16
1612 16
1613 18
1614 16
1615 0
1616 18
1617 19
1618 17
1619 16
1620 19
1621 19
1622 18
1623 16
1624 18
1625 18
1626 17
1627 16
1628 16
1629 18
1630 16
1631 0
1632 16
1633 19
1634 17
1635 0
1636 20
1637 19
1638 18
1639 17
1640 18
1641 19
1642 17
1643 16
1644 0
1645 18
1646 17
1647 16
1648 18
1649 19
1650 17
1651 16
1652 19
1653 19
1654 18
1655 17
1656 18
1657 19
1658 17
1659 16
1660 16
1661 18
1662 17
1663 16
1664 16
1665 18
1666 16
1667 1
1668 19
1669 18
1670 17
1671 16
1672 16
1673 17
1674 16
1675 0
1676 1
1677 16
1678 0
1679 1
1680 17
1681 18
1682 16
1683 0
1684 18
1685 18
1686 17
1687 16
1688 16
1689 17
1690 16
1691 0
1692 0
1693 16
1694 0
1695 1
1696 24
1697 18
1698 16
1699 1
1700 19
1701 18
1702 17
1703 0
1704 17
1705 17
1706 16
1707 0
1708 0
1709 16
1710 0
1711 1
1712 18
1713 17
1714 16
1715 1
1716 18
1717 18
1718 16
1719 0
1720 16
1721 17
1722 16
1723 0
1724 0
1725 16
1726 0
1727 1
1728 20
1729 18
1730 16
1731 1
1732 18
1733 18
1734 17
1735 16
1736 16
1737 17
1738 16
1739 0
1740 1
1741 16
1742 0
1743 1
1744 17
1745 18
1746 16
1747 0
1748 18
1749 18
1750 17
1751 16
1752 16
1753 17
1754 16
1755 0
1756 0
1757 16
1758 0
1759 1
1760 16
1761 18
1762 16
1763 1
1764 18
1765 18
1766 17
1767 16
1768 16
1769 17
1770 16
1771 0
1772 1
1773 17
1774 0
1775 1
1776 16
1777 18
1778 16
1779 0
1780 18
1781 18
1782 17
1783 16
1784 16
1785 17
1786 16
1787 0
1788 0
1789 17
1790 0
1791 1
1792 16
1793 18
1794 17
1795 0
1796 19
1797 19
1798 17
1799 16
1800 17
1801 18
1802 17
1803 0
1804 0
1805 17
1806 16
1807 0
1808 18
1809 18
1810 17
1811 0
1812 19
1813 18
1814 17
1815 16
1816 17
1817 18
1818 17
1819 16
1820 16
1821 17
1822 16
1823 0
1824 24
1825 18
1826 17
1827 0
1828 19
1829 18
1830 17
1831 16
1832 17
1833 18
1834 16
1835 0
1836 0
1837 17
1838 16
1839 1
1840 19
1841 18
1842 17
1843 0
1844 19
1845 18
1846 17
1847 16
1848 17
1849 18
1850 16
1851 0
1852 16
1853 17
1854 16
1855 0
1856 20
1857 18
1858 17
1859 0
1860 19
1861 19
1862 17
1863 16
1864 17
1865 18
1866 17
1867 0
1868 0
1869 17
1870 16
1871 0
1872 18
1873 18
1874 17
1875 0
1876 19
1877 18
1878 17
1879 16
1880 17
1881 18
1882 17
1883 16
1884 0
1885 17
1886 16
1887 0
1888 0
1889 18
1890 17
1891 0
1892 19
1893 19
1894 18
1895 16
1896 17
1897 18
1898 17
1899 16
1900 0
1901 17
1902 16
1903 0
1904 17
1905 18
1906 17
1907 0
1908 19
1909 19
1910 18
1911 16
1912 17
1913 18
1914 17
1915 16
1916 16
1917 17
1918 16
1919 0
1920 16
1921 19
1922 17
1923 16
1924 20
1925 19
1926 18
1927 17
1928 18
1929 19
1930 17
1931 16
1932 16
1933 18
1934 17
1935 16
1936 18
1937 19
1938 17
1939 16
1940 20
1941 19
1942 18
1943 17
1944 18
1945 19
1946 17
1947 16
1948 16
1949 18
1950 17
1951 16
1952 24
1953 19
1954 17
1955 0
1956 20
1957 19
1958 18
1959 17
1960 18
1961 18
1962 17
1963 16
1964 16
1965 18
1966 16
1967 0
1968 20
1969 19
1970 17
1971 16
1972 20
1973 19
1974 18
1975 17
1976 18
1977 18
1978 17
1979 16
1980 16
1981 18
1982 16
1983 0
1984 20
1985 19
1986 17
1987 16
1988 20
1989 19
1990 18
1991 17
1992 18
1993 18
1994 17
1995 16
1996 16
1997 18
1998 17
1999 0
2000 19
2001 19
2002 17
2003 16
2004 20
2005 19
2006 18
2007 17
2008 18
2009 18
2010 17
2011 16
2012 16
2013 18
2014 17
2015 16
2016 0
2017 19
2018 17
2019 16
2020 20
2021 19
2022 18
2023 17
2024 18
2025 19
2026 17
2027 16
2028 0
2029 18
2030 17
2031 0
2032 18
2033 19
2034 17
2035 16
2036 20
2037 19
2038 18
2039 17
2040 18
2041 19
2042 18
2043 16
2044 16
2045 18
2046 17
2047 16
