#CSC Position Offset LUT
#Structure is comparator code (iCC) -> Stub position offset
#iCC bits: 12
#<header> v1.0 12 32 </header>
0 0
1 0
2 0
3 0
4 0
5 0
6 0
7 0
8 0
9 0
10 0
11 0
12 0
13 0
14 0
15 0
16 0
17 0
18 0
19 0
20 0
21 -0.166667
22 -0.333333
23 -0.5
24 0
25 0.166667
26 -3.23652e-12
27 -0.166667
28 0
29 0.5
30 0.333333
31 0.166667
32 0
33 0
34 0
35 0
36 0
37 -1
38 -0.857143
39 -0.714286
40 0
41 -0.714286
42 -0.571429
43 -0.428571
44 0
45 -0.428571
46 -0.285714
47 -0.142857
48 0
49 -0.642857
50 -0.428571
51 -0.214286
52 -0.666667
53 -0.7
54 -0.6
55 -0.5
56 -0.333333
57 -0.5
58 -0.4
59 -0.3
60 1.75126e-09
61 -0.3
62 -0.2
63 -0.1
64 0
65 0
66 0
67 0
68 0
69 -0.428571
70 -0.285714
71 -0.142857
72 0
73 -0.142857
74 -8.26006e-14
75 0.142857
76 0
77 0.142857
78 0.285714
79 0.428571
80 0
81 -0.214286
82 2.90434e-13
83 0.214286
84 -0.333333
85 -0.3
86 -0.2
87 -0.1
88 -6.48931e-09
89 -0.1
90 -1.14575e-13
91 0.1
92 0.333333
93 0.1
94 0.2
95 0.3
96 0
97 0
98 0
99 0
100 0
101 0.142857
102 0.285714
103 0.428571
104 0
105 0.428571
106 0.571429
107 0.714286
108 0
109 0.714286
110 0.857143
111 1
112 0
113 0.214286
114 0.428571
115 0.642857
116 1.75126e-09
117 0.1
118 0.2
119 0.3
120 0.333333
121 0.3
122 0.4
123 0.5
124 0.666667
125 0.5
126 0.6
127 0.7
128 0
129 0
130 0
131 0
132 0
133 -1
134 -0.730769
135 -0.461538
136 0
137 -0.692308
138 -0.423077
139 -0.153846
140 0
141 -0.384615
142 -0.115385
143 0.153846
144 0
145 -0.666667
146 -0.333333
147 1.75126e-09
148 -0.642857
149 -0.742857
150 -0.542857
151 -0.342857
152 -0.214286
153 -0.514286
154 -0.314286
155 -0.114286
156 0.214286
157 -0.285714
158 -0.0857143
159 0.114286
160 0
161 -1
162 -0.576981
163 -0.153846
164 -1
165 -1
166 -0.75
167 -0.5
168 -0.428571
169 -0.75
170 -0.5
171 -0.25
172 0.142857
173 -0.5
174 -0.25
175 3.14629e-09
176 -0.166667
177 -0.742857
178 -0.428588
179 -0.114286
180 -0.7
181 -0.8
182 -0.6
183 -0.4
184 -0.3
185 -0.6
186 -0.4
187 -0.2
188 0.1
189 -0.4
190 -0.2
191 2.10999e-09
192 0
193 -0.692308
194 -0.269231
195 0.153842
196 -0.714286
197 -0.75
198 -0.5
199 -0.25
200 -0.142857
201 -0.5
202 -0.25
203 5.04326e-09
204 0.428571
205 -0.25
206 5.04326e-09
207 0.25
208 0.166667
209 -0.514286
210 -0.20006
211 0.114285
212 -0.5
213 -0.6
214 -0.4
215 -0.2
216 -0.1
217 -0.4
218 -0.2
219 3.97756e-09
220 0.3
221 -0.2
222 3.97756e-09
223 0.2
224 0
225 -0.384615
226 0.0384615
227 0.461504
228 -0.428571
229 -0.5
230 -0.25
231 3.14629e-09
232 0.142857
233 -0.25
234 2.5035e-10
235 0.25
236 0.714286
237 3.14629e-09
238 0.25
239 0.5
240 0.5
241 -0.285714
242 0.0285714
243 0.342846
244 -0.3
245 -0.4
246 -0.2
247 -9.6798e-10
248 0.1
249 -0.2
250 2.72601e-10
251 0.2
252 0.5
253 -9.6798e-10
254 0.2
255 0.4
256 0
257 0
258 0
259 0
260 0
261 -0.576981
262 -0.307692
263 -0.0384615
264 0
265 -0.269231
266 1.803e-13
267 0.269231
268 0
269 0.0384615
270 0.307692
271 0.576923
272 0
273 -0.333333
274 -6.48931e-09
275 0.333333
276 -0.428571
277 -0.428588
278 -0.228571
279 -0.0285714
280 -4.34319e-13
281 -0.20006
282 -2.84217e-14
283 0.2
284 0.428571
285 0.0285714
286 0.228571
287 0.428571
288 0
289 -0.730769
290 -0.307692
291 0.115344
292 -0.857143
293 -0.75
294 -0.5
295 -0.25
296 -0.285714
297 -0.5
298 -0.25
299 2.5035e-10
300 0.285714
301 -0.25
302 2.5035e-10
303 0.25
304 -0.333333
305 -0.542857
306 -0.228571
307 0.0857017
308 -0.6
309 -0.6
310 -0.4
311 -0.2
312 -0.2
313 -0.4
314 -0.2
315 2.71832e-10
316 0.2
317 -0.2
318 2.71832e-10
319 0.2
320 0
321 -0.423077
322 5.41789e-14
323 0.423077
324 -0.571429
325 -0.5
326 -0.25
327 2.51311e-10
328 -3.47278e-13
329 -0.25
330 1.20732e-09
331 0.25
332 0.571429
333 2.51311e-10
334 0.25
335 0.5
336 -2.0659e-12
337 -0.314286
338 -5.32907e-14
339 0.314239
340 -0.4
341 -0.4
342 -0.2
343 2.8197e-09
344 -1.15463e-13
345 -0.2
346 -2.21315e-09
347 0.2
348 0.4
349 2.8197e-09
350 0.2
351 0.4
352 0
353 -0.115385
354 0.307692
355 0.730769
356 -0.285714
357 -0.25
358 2.5083e-10
359 0.25
360 0.285714
361 2.5083e-10
362 0.25
363 0.5
364 0.857143
365 0.25
366 0.5
367 0.75
368 0.333333
369 -0.0857143
370 0.228571
371 0.542857
372 -0.2
373 -0.2
374 2.81932e-09
375 0.2
376 0.2
377 2.81932e-09
378 0.2
379 0.4
380 0.6
381 0.2
382 0.4
383 0.6
384 0
385 0
386 0
387 0
388 0
389 -0.153846
390 0.115344
391 0.384615
392 0
393 0.153842
394 0.423077
395 0.692308
396 0
397 0.461504
398 0.730769
399 1
400 0
401 1.75126e-09
402 0.333333
403 0.666667
404 -0.214286
405 -0.114286
406 0.0857017
407 0.285714
408 0.214286
409 0.114285
410 0.314239
411 0.514286
412 0.642857
413 0.342846
414 0.542857
415 0.742857
416 0
417 -0.461538
418 -0.0384615
419 0.384615
420 -0.714286
421 -0.5
422 -0.25
423 3.14629e-09
424 -0.142857
425 -0.25
426 2.5035e-10
427 0.25
428 0.428571
429 3.14629e-09
430 0.25
431 0.5
432 -0.5
433 -0.342857
434 -0.0285714
435 0.285714
436 -0.5
437 -0.4
438 -0.2
439 -9.6798e-10
440 -0.1
441 -0.2
442 2.71832e-10
443 0.2
444 0.3
445 -9.6798e-10
446 0.2
447 0.4
448 0
449 -0.153846
450 0.269231
451 0.692308
452 -0.428571
453 -0.25
454 2.5035e-10
455 0.25
456 0.142857
457 2.5035e-10
458 0.25
459 0.5
460 0.714286
461 0.25
462 0.5
463 0.75
464 -0.166667
465 -0.114286
466 0.2
467 0.514286
468 -0.3
469 -0.2
470 -2.85458e-09
471 0.2
472 0.1
473 -2.85458e-09
474 0.2
475 0.4
476 0.5
477 0.2
478 0.4
479 0.6
480 0
481 0.153846
482 0.576923
483 1
484 -0.142857
485 3.14629e-09
486 0.25
487 0.5
488 0.428571
489 0.25
490 0.5
491 0.75
492 1
493 0.5
494 0.75
495 1
496 0.166667
497 0.114286
498 0.428571
499 0.742857
500 -0.1
501 -9.6798e-10
502 0.2
503 0.4
504 0.3
505 0.2
506 0.4
507 0.6
508 0.7
509 0.4
510 0.6
511 0.8
512 0
513 0
514 0
515 0
516 0
517 -1
518 -0.666667
519 -0.333333
520 0
521 -0.666667
522 -0.333333
523 1.75126e-09
524 0
525 -0.333333
526 1.75126e-09
527 0.333333
528 0
529 -0.657895
530 -0.263169
531 0.131579
532 -0.615385
533 -0.75
534 -0.5
535 -0.25
536 -0.153846
537 -0.5
538 -0.25
539 5.04326e-09
540 0.307692
541 -0.25
542 5.04326e-09
543 0.25
544 0
545 -1
546 -0.526316
547 -0.0526316
548 -1
549 -1.00004
550 -0.711867
551 -0.423729
552 -0.416667
553 -0.728824
554 -0.440678
555 -0.152542
556 0.166667
557 -0.457629
558 -0.169492
559 0.118644
560 -0.285714
561 -0.730769
562 -0.384615
563 -0.0384615
564 -0.685714
565 -0.797311
566 -0.567568
567 -0.337838
568 -0.285714
569 -0.581085
570 -0.351351
571 -0.121622
572 0.114286
573 -0.364866
574 -0.135135
575 0.0945947
576 0
577 -0.684211
578 -0.210526
579 0.263158
580 -0.666667
581 -0.762783
582 -0.474585
583 -0.186441
584 -0.0833333
585 -0.491552
586 -0.203392
587 0.0847458
588 0.5
589 -0.220347
590 0.0677965
591 0.355932
592 0.142857
593 -0.5
594 -0.153846
595 0.192308
596 -0.457143
597 -0.608135
598 -0.378382
599 -0.148649
600 -0.0571429
601 -0.391902
602 -0.162163
603 0.0675676
604 0.342857
605 -0.175679
606 0.054054
607 0.283784
608 0
609 -0.368421
610 0.105263
611 0.578947
612 -0.333333
613 -0.525424
614 -0.237311
615 0.0508459
616 0.25
617 -0.25429
618 0.0338914
619 0.322034
620 0.833333
621 0.0169293
622 0.305083
623 0.59322
624 0.571429
625 -0.269231
626 0.0769231
627 0.423077
628 -0.228571
629 -0.418967
630 -0.189198
631 0.0405399
632 0.171429
633 -0.202724
634 0.0270242
635 0.256757
636 0.571429
637 0.0135053
638 0.243243
639 0.472973
640 0
641 -1
642 -0.452381
643 0.0952381
644 -1
645 -1
646 -0.676471
647 -0.352941
648 -0.307692
649 -0.705882
650 -0.382353
651 -0.0589126
652 0.384615
653 -0.411765
654 -0.0882353
655 0.235274
656 -0.0714286
657 -0.711864
658 -0.322034
659 0.0677966
660 -0.65
661 -0.790698
662 -0.534884
663 -0.27907
664 -0.2
665 -0.55814
666 -0.302326
667 -0.0465464
668 0.25
669 -0.325581
670 -0.0698608
671 0.186038
672 -1
673 -1
674 -0.535714
675 -0.0714286
676 -1
677 -1
678 -0.709302
679 -0.418605
680 -0.428571
681 -0.744186
682 -0.453488
683 -0.162791
684 0.142857
685 -0.488372
686 -0.197674
687 0.0930233
688 -0.3
689 -0.756757
690 -0.405405
691 -0.0540541
692 -0.7
693 -0.819048
694 -0.580952
695 -0.342857
696 -0.3
697 -0.609524
698 -0.371429
699 -0.133333
700 0.1
701 -0.4
702 -0.161905
703 0.0761905
704 0.333333
705 -0.75
706 -0.285714
707 0.178571
708 -0.714286
709 -0.813953
710 -0.523256
711 -0.232558
712 -0.142857
713 -0.55814
714 -0.267442
715 0.0232558
716 0.428571
717 -0.302326
718 -0.0116279
719 0.27907
720 0.1
721 -0.567568
722 -0.216216
723 0.135135
724 -0.5
725 -0.666667
726 -0.428571
727 -0.190476
728 -0.1
729 -0.457143
730 -0.219048
731 0.0190476
732 0.3
733 -0.247619
734 -0.00952381
735 0.228571
736 1.66667
737 -0.5
738 -0.0357143
739 0.428571
740 -0.428571
741 -0.627907
742 -0.337209
743 -0.0465116
744 0.142857
745 -0.372093
746 -0.0813954
747 0.209302
748 0.714286
749 -0.116279
750 0.174419
751 0.465116
752 0.5
753 -0.378378
754 -0.027027
755 0.324324
756 -0.3
757 -0.514286
758 -0.27619
759 -0.0380952
760 0.1
761 -0.304762
762 -0.0666667
763 0.171429
764 0.5
765 -0.0952381
766 0.142857
767 0.380952
768 0
769 -0.738095
770 -0.190476
771 0.357143
772 -0.769231
773 -0.794118
774 -0.470588
775 -0.147059
776 -0.0769231
777 -0.5
778 -0.176471
779 0.147059
780 0.615385
781 -0.205882
782 0.117647
783 0.441176
784 0.142857
785 -0.525424
786 -0.135593
787 0.254237
788 -0.5
789 -0.627907
790 -0.372093
791 -0.116279
792 -0.05
793 -0.395349
794 -0.139535
795 0.116279
796 0.4
797 -0.162791
798 0.0930233
799 0.34876
800 -0.666667
801 -0.821429
802 -0.357143
803 0.107143
804 -0.857143
805 -0.848837
806 -0.55814
807 -0.267442
808 -0.285714
809 -0.593023
810 -0.302326
811 -0.0116279
812 0.285714
813 -0.337209
814 -0.0465116
815 0.244186
816 -0.2
817 -0.621622
818 -0.27027
819 0.0810811
820 -0.6
821 -0.695238
822 -0.457143
823 -0.219048
824 -0.2
825 -0.485714
826 -0.247619
827 -0.00952381
828 0.2
829 -0.27619
830 -0.0380952
831 0.2
832 0.666667
833 -0.571429
834 -0.107143
835 0.357143
836 -0.571429
837 -0.662791
838 -0.372093
839 -0.0813954
840 -9.7522e-13
841 -0.406977
842 -0.116279
843 0.174419
844 0.571429
845 -0.151163
846 0.139535
847 0.430233
848 0.2
849 -0.432432
850 -0.0810811
851 0.27027
852 -0.4
853 -0.542857
854 -0.304762
855 -0.0666667
856 5.05374e-13
857 -0.333333
858 -0.0952381
859 0.142857
860 0.4
861 -0.12381
862 0.114286
863 0.352381
864 2
865 -0.321429
866 0.142857
867 0.607143
868 -0.285714
869 -0.476744
870 -0.186047
871 0.104651
872 0.285714
873 -0.22093
874 0.0697674
875 0.360465
876 0.857143
877 0.0348837
878 0.325581
879 0.616279
880 0.6
881 -0.243243
882 0.108108
883 0.459459
884 -0.2
885 -0.390476
886 -0.152381
887 0.0857143
888 0.2
889 -0.180952
890 0.0571429
891 0.295238
892 0.6
893 0.0285714
894 0.266667
895 0.504762
896 0
897 -0.47619
898 0.0714286
899 0.619048
900 -0.538462
901 -0.588235
902 -0.264706
903 0.0588235
904 0.153846
905 -0.294118
906 0.0294118
907 0.352941
908 0.846154
909 3.01981e-14
910 0.323529
911 0.647059
912 0.357143
913 -0.338983
914 0.0508475
915 0.440678
916 -0.35
917 -0.465116
918 -0.209302
919 0.0465116
920 0.1
921 -0.232558
922 0.0232558
923 0.27907
924 0.55
925 7.81597e-14
926 0.255814
927 0.511628
928 -0.333333
929 -0.642857
930 -0.178571
931 0.285714
932 -0.714286
933 -0.697674
934 -0.406977
935 -0.116279
936 -0.142857
937 -0.44186
938 -0.151163
939 0.139535
940 0.428571
941 -0.186047
942 0.104651
943 0.395349
944 -0.1
945 -0.486486
946 -0.135135
947 0.216216
948 -0.5
949 -0.571429
950 -0.333333
951 -0.0952381
952 -0.1
953 -0.361905
954 -0.12381
955 0.114286
956 0.3
957 -0.152381
958 0.0857143
959 0.32381
960 1
961 -0.392857
962 0.0714286
963 0.535714
964 -0.428571
965 -0.511628
966 -0.22093
967 0.0697674
968 0.142857
969 -0.255814
970 0.0348837
971 0.325581
972 0.714286
973 -2.82441e-13
974 0.290698
975 0.581395
976 0.3
977 -0.297297
978 0.0540541
979 0.405405
980 -0.3
981 -0.419048
982 -0.180952
983 0.0571429
984 0.1
985 -0.209524
986 0.0285714
987 0.266667
988 0.5
989 6.75016e-14
990 0.238095
991 0.47619
992 2.33333
993 -0.142857
994 0.321429
995 0.785714
996 -0.142857
997 -0.325581
998 -0.0348837
999 0.255814
1000 0.428571
1001 -0.0697674
1002 0.22093
1003 0.511628
1004 1
1005 0.186047
1006 0.476744
1007 0.767442
1008 0.7
1009 -0.108108
1010 0.243243
1011 0.594595
1012 -0.1
1013 -0.266667
1014 -0.0285714
1015 0.209524
1016 0.3
1017 -0.0571429
1018 0.180952
1019 0.419048
1020 0.7
1021 0.152381
1022 0.390476
1023 0.628571
1024 0
1025 0
1026 0
1027 0
1028 0
1029 -0.666667
1030 -0.333333
1031 1.75126e-09
1032 0
1033 -0.333333
1034 -6.48931e-09
1035 0.333333
1036 0
1037 1.75126e-09
1038 0.333333
1039 0.666667
1040 0
1041 -0.394737
1042 -1.77636e-15
1043 0.394704
1044 -0.461538
1045 -0.5
1046 -0.25
1047 2.51311e-10
1048 -4.86722e-13
1049 -0.25
1050 1.20732e-09
1051 0.25
1052 0.461538
1053 2.51311e-10
1054 0.25
1055 0.5
1056 0
1057 -0.789474
1058 -0.315789
1059 0.157895
1060 -0.916667
1061 -0.79661
1062 -0.508536
1063 -0.220347
1064 -0.333333
1065 -0.525424
1066 -0.237311
1067 0.0508459
1068 0.25
1069 -0.25429
1070 0.0338914
1071 0.322034
1072 -0.428571
1073 -0.576923
1074 -0.230769
1075 0.115385
1076 -0.628571
1077 -0.635232
1078 -0.405429
1079 -0.175679
1080 -0.228571
1081 -0.418967
1082 -0.189198
1083 0.0405399
1084 0.171429
1085 -0.202724
1086 0.0270242
1087 0.256757
1088 0
1089 -0.473684
1090 1.65201e-13
1091 0.473684
1092 -0.583333
1093 -0.559322
1094 -0.27129
1095 0.0169293
1096 2.66454e-13
1097 -0.288136
1098 -4.56821e-05
1099 0.28813
1100 0.583333
1101 -0.0170393
1102 0.271169
1103 0.559321
1104 1.39444e-12
1105 -0.346154
1106 -1.06581e-13
1107 0.346154
1108 -0.4
1109 -0.445946
1110 -0.216259
1111 0.0135053
1112 1.112e-12
1113 -0.229806
1114 -1.90382e-05
1115 0.229727
1116 0.4
1117 -0.0135516
1118 0.216209
1119 0.445945
1120 0
1121 -0.157895
1122 0.315789
1123 0.789474
1124 -0.25
1125 -0.322034
1126 -0.0338983
1127 0.254197
1128 0.333333
1129 -0.0508475
1130 0.237209
1131 0.525408
1132 0.916667
1133 0.220339
1134 0.508439
1135 0.796605
1136 0.428571
1137 -0.115385
1138 0.230769
1139 0.576923
1140 -0.171429
1141 -0.256757
1142 -0.0270952
1143 0.202686
1144 0.228571
1145 -0.0405405
1146 0.189155
1147 0.418912
1148 0.628571
1149 0.175615
1150 0.40539
1151 0.635133
1152 0
1153 -0.809524
1154 -0.261905
1155 0.285714
1156 -0.923077
1157 -0.823529
1158 -0.5
1159 -0.176471
1160 -0.230769
1161 -0.529412
1162 -0.205882
1163 0.117647
1164 0.461538
1165 -0.235294
1166 0.0882353
1167 0.411765
1168 -0.214286
1169 -0.576271
1170 -0.186441
1171 0.20339
1172 -0.6
1173 -0.651163
1174 -0.395349
1175 -0.139535
1176 -0.15
1177 -0.418605
1178 -0.162791
1179 0.0930233
1180 0.3
1181 -0.186047
1182 0.0697674
1183 0.325581
1184 -1.66667
1185 -0.892857
1186 -0.428571
1187 0.0357143
1188 -1
1189 -0.883721
1190 -0.593023
1191 -0.302326
1192 -0.428571
1193 -0.627907
1194 -0.337209
1195 -0.0465116
1196 0.142857
1197 -0.372093
1198 -0.0813954
1199 0.209302
1200 -0.5
1201 -0.675676
1202 -0.324324
1203 0.027027
1204 -0.7
1205 -0.72381
1206 -0.485714
1207 -0.247619
1208 -0.3
1209 -0.514286
1210 -0.27619
1211 -0.0380952
1212 0.1
1213 -0.304762
1214 -0.0666667
1215 0.171429
1216 -0.333333
1217 -0.642857
1218 -0.178571
1219 0.285714
1220 -0.714286
1221 -0.697674
1222 -0.406977
1223 -0.116279
1224 -0.142857
1225 -0.44186
1226 -0.151163
1227 0.139535
1228 0.428571
1229 -0.186047
1230 0.104651
1231 0.395349
1232 -0.1
1233 -0.486486
1234 -0.135135
1235 0.216216
1236 -0.5
1237 -0.571429
1238 -0.333333
1239 -0.0952381
1240 -0.1
1241 -0.361905
1242 -0.12381
1243 0.114286
1244 0.3
1245 -0.152381
1246 0.0857143
1247 0.32381
1248 1
1249 -0.392857
1250 0.0714286
1251 0.535714
1252 -0.428571
1253 -0.511628
1254 -0.22093
1255 0.0697674
1256 0.142857
1257 -0.255814
1258 0.0348837
1259 0.325581
1260 0.714286
1261 -2.30926e-14
1262 0.290698
1263 0.581395
1264 0.3
1265 -0.297297
1266 0.0540541
1267 0.405405
1268 -0.3
1269 -0.419048
1270 -0.180952
1271 0.0571429
1272 0.1
1273 -0.209524
1274 0.0285714
1275 0.266667
1276 0.5
1277 -1.4122e-13
1278 0.238095
1279 0.47619
1280 0
1281 -0.547619
1282 1.33227e-13
1283 0.547619
1284 -0.692308
1285 -0.617647
1286 -0.294118
1287 0.0294118
1288 1.95843e-12
1289 -0.323529
1290 -2.90434e-13
1291 0.323529
1292 0.692308
1293 -0.0294118
1294 0.294118
1295 0.617647
1296 -1.33227e-14
1297 -0.38983
1298 -3.73035e-13
1299 0.38983
1300 -0.45
1301 -0.488372
1302 -0.232558
1303 0.0232558
1304 6.03961e-14
1305 -0.255814
1306 1.82965e-13
1307 0.255814
1308 0.45
1309 -0.0232558
1310 0.232558
1311 0.488372
1312 -1.33333
1313 -0.714286
1314 -0.25
1315 0.214286
1316 -0.857143
1317 -0.732558
1318 -0.44186
1319 -0.151163
1320 -0.285714
1321 -0.476744
1322 -0.186047
1323 0.104651
1324 0.285714
1325 -0.22093
1326 0.0697674
1327 0.360465
1328 -0.4
1329 -0.540541
1330 -0.189189
1331 0.162162
1332 -0.6
1333 -0.6
1334 -0.361905
1335 -0.12381
1336 -0.2
1337 -0.390476
1338 -0.152381
1339 0.0857143
1340 0.2
1341 -0.180952
1342 0.0571429
1343 0.295238
1344 7.30083e-13
1345 -0.464286
1346 -3.30402e-13
1347 0.464286
1348 -0.571429
1349 -0.546512
1350 -0.255814
1351 0.0348837
1352 2.39275e-12
1353 -0.290698
1354 3.39284e-13
1355 0.290698
1356 0.571429
1357 -0.0348837
1358 0.255814
1359 0.546512
1360 4.08562e-14
1361 -0.351351
1362 4.69846e-13
1363 0.351351
1364 -0.4
1365 -0.447619
1366 -0.209524
1367 0.0285714
1368 9.40581e-13
1369 -0.238095
1370 6.21725e-15
1371 0.238095
1372 0.4
1373 -0.0285714
1374 0.209524
1375 0.447619
1376 1.33333
1377 -0.214286
1378 0.25
1379 0.714286
1380 -0.285714
1381 -0.360465
1382 -0.0697674
1383 0.22093
1384 0.285714
1385 -0.104651
1386 0.186047
1387 0.476744
1388 0.857143
1389 0.151163
1390 0.44186
1391 0.732558
1392 0.4
1393 -0.162162
1394 0.189189
1395 0.540541
1396 -0.2
1397 -0.295238
1398 -0.0571429
1399 0.180952
1400 0.2
1401 -0.0857143
1402 0.152381
1403 0.390476
1404 0.6
1405 0.12381
1406 0.361905
1407 0.6
1408 0
1409 -0.285714
1410 0.261905
1411 0.809524
1412 -0.461538
1413 -0.411765
1414 -0.0882353
1415 0.235294
1416 0.230769
1417 -0.117647
1418 0.205882
1419 0.529412
1420 0.923077
1421 0.176471
1422 0.5
1423 0.823529
1424 0.214286
1425 -0.20339
1426 0.186441
1427 0.576271
1428 -0.3
1429 -0.325581
1430 -0.0697674
1431 0.186047
1432 0.15
1433 -0.0930233
1434 0.162791
1435 0.418605
1436 0.6
1437 0.139535
1438 0.395349
1439 0.651163
1440 -1
1441 -0.535714
1442 -0.0714286
1443 0.392857
1444 -0.714286
1445 -0.581395
1446 -0.290698
1447 2.65565e-13
1448 -0.142857
1449 -0.325581
1450 -0.0348837
1451 0.255814
1452 0.428571
1453 -0.0697674
1454 0.22093
1455 0.511628
1456 -0.3
1457 -0.405405
1458 -0.0540541
1459 0.297297
1460 -0.5
1461 -0.47619
1462 -0.238095
1463 7.10543e-14
1464 -0.1
1465 -0.266667
1466 -0.0285714
1467 0.209524
1468 0.3
1469 -0.0571429
1470 0.180952
1471 0.419048
1472 0.333333
1473 -0.285714
1474 0.178571
1475 0.642857
1476 -0.428571
1477 -0.395349
1478 -0.104651
1479 0.186047
1480 0.142857
1481 -0.139535
1482 0.151163
1483 0.44186
1484 0.714286
1485 0.116279
1486 0.406977
1487 0.697674
1488 0.1
1489 -0.216216
1490 0.135135
1491 0.486486
1492 -0.3
1493 -0.32381
1494 -0.0857143
1495 0.152381
1496 0.1
1497 -0.114286
1498 0.12381
1499 0.361905
1500 0.5
1501 0.0952381
1502 0.333333
1503 0.571429
1504 1.66667
1505 -0.0357143
1506 0.428571
1507 0.892857
1508 -0.142857
1509 -0.209302
1510 0.0813954
1511 0.372093
1512 0.428571
1513 0.0465116
1514 0.337209
1515 0.627907
1516 1
1517 0.302326
1518 0.593023
1519 0.883721
1520 0.5
1521 -0.027027
1522 0.324324
1523 0.675676
1524 -0.1
1525 -0.171429
1526 0.0666667
1527 0.304762
1528 0.3
1529 0.0380952
1530 0.27619
1531 0.514286
1532 0.7
1533 0.247619
1534 0.485714
1535 0.72381
1536 0
1537 0
1538 0
1539 0
1540 0
1541 -0.333333
1542 1.75126e-09
1543 0.333333
1544 0
1545 1.75126e-09
1546 0.333333
1547 0.666667
1548 0
1549 0.333333
1550 0.666667
1551 1
1552 0
1553 -0.131579
1554 0.263158
1555 0.657895
1556 -0.307692
1557 -0.25
1558 2.5035e-10
1559 0.25
1560 0.153846
1561 2.5035e-10
1562 0.25
1563 0.5
1564 0.615385
1565 0.25
1566 0.5
1567 0.75
1568 0
1569 -0.578947
1570 -0.105263
1571 0.368421
1572 -0.833333
1573 -0.59322
1574 -0.305085
1575 -0.0170393
1576 -0.25
1577 -0.322034
1578 -0.0338983
1579 0.254197
1580 0.333333
1581 -0.0508475
1582 0.237209
1583 0.525408
1584 -0.571429
1585 -0.423077
1586 -0.0769231
1587 0.269231
1588 -0.571429
1589 -0.472973
1590 -0.243243
1591 -0.0135516
1592 -0.171429
1593 -0.256757
1594 -0.0270952
1595 0.202686
1596 0.228571
1597 -0.0405405
1598 0.189155
1599 0.418912
1600 0
1601 -0.263158
1602 0.210526
1603 0.684211
1604 -0.5
1605 -0.355932
1606 -0.0677966
1607 0.220339
1608 0.0833333
1609 -0.0847458
1610 0.20339
1611 0.491456
1612 0.666667
1613 0.186441
1614 0.474576
1615 0.762681
1616 -0.142857
1617 -0.192308
1618 0.153846
1619 0.5
1620 -0.342857
1621 -0.283784
1622 -0.0540541
1623 0.175615
1624 0.0571429
1625 -0.0675676
1626 0.162162
1627 0.391861
1628 0.457143
1629 0.148649
1630 0.378323
1631 0.608094
1632 0
1633 0.0526316
1634 0.526316
1635 1
1636 -0.166667
1637 -0.118644
1638 0.169492
1639 0.457627
1640 0.416667
1641 0.152542
1642 0.440678
1643 0.728814
1644 1
1645 0.423729
1646 0.711864
1647 0.999945
1648 0.285714
1649 0.0384615
1650 0.384615
1651 0.730769
1652 -0.114286
1653 -0.0945946
1654 0.135135
1655 0.364774
1656 0.285714
1657 0.121622
1658 0.351351
1659 0.581031
1660 0.685714
1661 0.337838
1662 0.567485
1663 0.797272
1664 0
1665 -0.619048
1666 -0.0714286
1667 0.47619
1668 -0.846154
1669 -0.647059
1670 -0.323529
1671 1.33227e-13
1672 -0.153846
1673 -0.352941
1674 -0.0294118
1675 0.294118
1676 0.538462
1677 -0.0588235
1678 0.264706
1679 0.588235
1680 -0.357143
1681 -0.440678
1682 -0.0508475
1683 0.338983
1684 -0.55
1685 -0.511628
1686 -0.255814
1687 -1.45661e-13
1688 -0.1
1689 -0.27907
1690 -0.0232558
1691 0.232558
1692 0.35
1693 -0.0465116
1694 0.209302
1695 0.465116
1696 -2.33333
1697 -0.785714
1698 -0.321429
1699 0.142857
1700 -1
1701 -0.767442
1702 -0.476744
1703 -0.186047
1704 -0.428571
1705 -0.511628
1706 -0.22093
1707 0.0697674
1708 0.142857
1709 -0.255814
1710 0.0348837
1711 0.325581
1712 -0.7
1713 -0.594595
1714 -0.243243
1715 0.108108
1716 -0.7
1717 -0.628571
1718 -0.390476
1719 -0.152381
1720 -0.3
1721 -0.419048
1722 -0.180952
1723 0.0571429
1724 0.1
1725 -0.209524
1726 0.0285714
1727 0.266667
1728 -1
1729 -0.535714
1730 -0.0714286
1731 0.392857
1732 -0.714286
1733 -0.581395
1734 -0.290698
1735 -1.78524e-13
1736 -0.142857
1737 -0.325581
1738 -0.0348837
1739 0.255814
1740 0.428571
1741 -0.0697674
1742 0.22093
1743 0.511628
1744 -0.3
1745 -0.405405
1746 -0.0540541
1747 0.297297
1748 -0.5
1749 -0.47619
1750 -0.238095
1751 -1.72307e-13
1752 -0.1
1753 -0.266667
1754 -0.0285714
1755 0.209524
1756 0.3
1757 -0.0571429
1758 0.180952
1759 0.419048
1760 0.333333
1761 -0.285714
1762 0.178571
1763 0.642857
1764 -0.428571
1765 -0.395349
1766 -0.104651
1767 0.186047
1768 0.142857
1769 -0.139535
1770 0.151163
1771 0.44186
1772 0.714286
1773 0.116279
1774 0.406977
1775 0.697674
1776 0.1
1777 -0.216216
1778 0.135135
1779 0.486486
1780 -0.3
1781 -0.32381
1782 -0.0857143
1783 0.152381
1784 0.1
1785 -0.114286
1786 0.12381
1787 0.361905
1788 0.5
1789 0.0952381
1790 0.333333
1791 0.571429
1792 0
1793 -0.357143
1794 0.190476
1795 0.738095
1796 -0.615385
1797 -0.441176
1798 -0.117647
1799 0.205882
1800 0.0769231
1801 -0.147059
1802 0.176471
1803 0.5
1804 0.769231
1805 0.147059
1806 0.470588
1807 0.794118
1808 -0.142857
1809 -0.254237
1810 0.135593
1811 0.525424
1812 -0.4
1813 -0.348837
1814 -0.0930233
1815 0.162791
1816 0.05
1817 -0.116279
1818 0.139535
1819 0.395349
1820 0.5
1821 0.116279
1822 0.372093
1823 0.627907
1824 -2
1825 -0.607143
1826 -0.142857
1827 0.321429
1828 -0.857143
1829 -0.616279
1830 -0.325581
1831 -0.0348837
1832 -0.285714
1833 -0.360465
1834 -0.0697674
1835 0.22093
1836 0.285714
1837 -0.104651
1838 0.186047
1839 0.476744
1840 -0.6
1841 -0.459459
1842 -0.108108
1843 0.243243
1844 -0.6
1845 -0.504762
1846 -0.266667
1847 -0.0285714
1848 -0.2
1849 -0.295238
1850 -0.0571429
1851 0.180952
1852 0.2
1853 -0.0857143
1854 0.152381
1855 0.390476
1856 -0.666667
1857 -0.357143
1858 0.107143
1859 0.571429
1860 -0.571429
1861 -0.430233
1862 -0.139535
1863 0.151163
1864 5.53335e-13
1865 -0.174419
1866 0.116279
1867 0.406977
1868 0.571429
1869 0.0813954
1870 0.372093
1871 0.662791
1872 -0.2
1873 -0.27027
1874 0.0810811
1875 0.432432
1876 -0.4
1877 -0.352381
1878 -0.114286
1879 0.12381
1880 1.38467e-12
1881 -0.142857
1882 0.0952381
1883 0.333333
1884 0.4
1885 0.0666667
1886 0.304762
1887 0.542857
1888 0.666667
1889 -0.107143
1890 0.357143
1891 0.821429
1892 -0.285714
1893 -0.244186
1894 0.0465116
1895 0.337209
1896 0.285714
1897 0.0116279
1898 0.302326
1899 0.593023
1900 0.857143
1901 0.267442
1902 0.55814
1903 0.848837
1904 0.2
1905 -0.0810811
1906 0.27027
1907 0.621622
1908 -0.2
1909 -0.2
1910 0.0380952
1911 0.27619
1912 0.2
1913 0.00952381
1914 0.247619
1915 0.485714
1916 0.6
1917 0.219048
1918 0.457143
1919 0.695238
1920 0
1921 -0.0952381
1922 0.452381
1923 1
1924 -0.384615
1925 -0.235294
1926 0.0882353
1927 0.411765
1928 0.307692
1929 0.0588235
1930 0.382353
1931 0.705882
1932 1
1933 0.352941
1934 0.676471
1935 1
1936 0.0714286
1937 -0.0677966
1938 0.322034
1939 0.711864
1940 -0.25
1941 -0.186047
1942 0.0697674
1943 0.325581
1944 0.2
1945 0.0465116
1946 0.302326
1947 0.55814
1948 0.65
1949 0.27907
1950 0.534884
1951 0.790698
1952 -1.66667
1953 -0.428571
1954 0.0357143
1955 0.5
1956 -0.714286
1957 -0.465116
1958 -0.174419
1959 0.116279
1960 -0.142857
1961 -0.209302
1962 0.0813954
1963 0.372093
1964 0.428571
1965 0.0465116
1966 0.337209
1967 0.627907
1968 -0.5
1969 -0.324324
1970 0.027027
1971 0.378378
1972 -0.5
1973 -0.380952
1974 -0.142857
1975 0.0952381
1976 -0.1
1977 -0.171429
1978 0.0666667
1979 0.304762
1980 0.3
1981 0.0380952
1982 0.27619
1983 0.514286
1984 -0.333333
1985 -0.178571
1986 0.285714
1987 0.75
1988 -0.428571
1989 -0.27907
1990 0.0116279
1991 0.302326
1992 0.142857
1993 -0.0232558
1994 0.267442
1995 0.55814
1996 0.714286
1997 0.232558
1998 0.523256
1999 0.813953
2000 -0.1
2001 -0.135135
2002 0.216216
2003 0.567568
2004 -0.3
2005 -0.228571
2006 0.00952381
2007 0.247619
2008 0.1
2009 -0.0190476
2010 0.219048
2011 0.457143
2012 0.5
2013 0.190476
2014 0.428571
2015 0.666667
2016 1
2017 0.0714286
2018 0.535714
2019 1
2020 -0.142857
2021 -0.0930233
2022 0.197674
2023 0.488372
2024 0.428571
2025 0.162791
2026 0.453488
2027 0.744186
2028 1
2029 0.418605
2030 0.709302
2031 1
2032 0.3
2033 0.0540541
2034 0.405405
2035 0.756757
2036 -0.1
2037 -0.0761905
2038 0.161905
2039 0.4
2040 0.3
2041 0.133333
2042 0.371429
2043 0.609524
2044 0.7
2045 0.342857
2046 0.580952
2047 0.819048
