#CSC Slope LUT
#Structure is comparator code (iCC) -> Stub slope
#iCC bits: 12
#<header> v1.0 12 32 </header>
0 0
1 0
2 0
3 0
4 0
5 0
6 0
7 0
8 0
9 0
10 0
11 0
12 0
13 0
14 0
15 0
16 0
17 0
18 0
19 0
20 0
21 -1.5
22 -2
23 -2.5
24 0
25 -1.5
26 -2
27 -2.5
28 0
29 -1.5
30 -2
31 -2.5
32 0
33 0
34 0
35 0
36 0
37 -1.71429
38 -2
39 -2.28571
40 0
41 -1.78571
42 -2.07143
43 -2.35714
44 0
45 -1.85714
46 -2.14286
47 -2.42857
48 0
49 -1.64286
50 -2
51 -2.35714
52 -2
53 -1.7
54 -2
55 -2.3
56 -2.5
57 -1.8
58 -2.1
59 -2.4
60 -3
61 -1.9
62 -2.2
63 -2.5
64 0
65 0
66 0
67 0
68 0
69 -1.35714
70 -1.64286
71 -1.92857
72 0
73 -1.42857
74 -1.71429
75 -2
76 0
77 -1.5
78 -1.78571
79 -2.07143
80 0
81 -1.35714
82 -1.71429
83 -2.07143
84 -1.5
85 -1.4
86 -1.7
87 -2
88 -2
89 -1.5
90 -1.8
91 -2.1
92 -2.5
93 -1.6
94 -1.9
95 -2.2
96 0
97 0
98 0
99 0
100 0
101 -1
102 -1.28571
103 -1.57143
104 0
105 -1.07143
106 -1.35714
107 -1.64286
108 0
109 -1.14286
110 -1.42857
111 -1.71429
112 0
113 -1.07143
114 -1.42857
115 -1.78571
116 -1
117 -1.1
118 -1.4
119 -1.7
120 -1.5
121 -1.2
122 -1.5
123 -1.8
124 -2
125 -1.3
126 -1.6
127 -1.9
128 0
129 0
130 0
131 0
132 0
133 -1.80769
134 -2
135 -2.19231
136 0
137 -1.88462
138 -2.07692
139 -2.26923
140 0
141 -1.96154
142 -2.15385
143 -2.34615
144 0
145 -1.75
146 -2
147 -2.25
148 -2
149 -1.8
150 -2
151 -2.2
152 -2.28571
153 -1.88571
154 -2.08571
155 -2.28571
156 -2.57143
157 -1.97143
158 -2.17143
159 -2.37143
160 0
161 -1.73077
162 -2
163 -2.26923
164 -2
165 -1.8
166 -2
167 -2.2
168 -2.35714
169 -1.9
170 -2.1
171 -2.3
172 -2.71429
173 -2
174 -2.2
175 -2.4
176 -2
177 -1.74286
178 -2
179 -2.25714
180 -2
181 -1.8
182 -2
183 -2.2
184 -2.3
185 -1.9
186 -2.1
187 -2.3
188 -2.6
189 -2
190 -2.2
191 -2.4
192 0
193 -1.65385
194 -1.92308
195 -2.19231
196 -1.92857
197 -1.7
198 -1.9
199 -2.1
200 -2.28571
201 -1.8
202 -2
203 -2.2
204 -2.64286
205 -1.9
206 -2.1
207 -2.3
208 -2
209 -1.65714
210 -1.91429
211 -2.17143
212 -1.9
213 -1.7
214 -1.9
215 -2.1
216 -2.2
217 -1.8
218 -2
219 -2.2
220 -2.5
221 -1.9
222 -2.1
223 -2.3
224 0
225 -1.57692
226 -1.84615
227 -2.11538
228 -1.85714
229 -1.6
230 -1.8
231 -2
232 -2.21429
233 -1.7
234 -1.9
235 -2.1
236 -2.57143
237 -1.8
238 -2
239 -2.2
240 -2
241 -1.57143
242 -1.82857
243 -2.08571
244 -1.8
245 -1.6
246 -1.8
247 -2
248 -2.1
249 -1.7
250 -1.9
251 -2.1
252 -2.4
253 -1.8
254 -2
255 -2.2
256 0
257 0
258 0
259 0
260 0
261 -1.53846
262 -1.73077
263 -1.92308
264 0
265 -1.61538
266 -1.80769
267 -2
268 0
269 -1.69231
270 -1.88462
271 -2.07692
272 0
273 -1.5
274 -1.75
275 -2
276 -1.64286
277 -1.54286
278 -1.74286
279 -1.94286
280 -1.92857
281 -1.62857
282 -1.82857
283 -2.02857
284 -2.21429
285 -1.71429
286 -1.91429
287 -2.11429
288 0
289 -1.53846
290 -1.80769
291 -2.07692
292 -1.71429
293 -1.6
294 -1.8
295 -2
296 -2.07143
297 -1.7
298 -1.9
299 -2.1
300 -2.42857
301 -1.8
302 -2
303 -2.2
304 -1.5
305 -1.54286
306 -1.8
307 -2.05714
308 -1.7
309 -1.6
310 -1.8
311 -2
312 -2
313 -1.7
314 -1.9
315 -2.1
316 -2.3
317 -1.8
318 -2
319 -2.2
320 0
321 -1.46154
322 -1.73077
323 -2
324 -1.64286
325 -1.5
326 -1.7
327 -1.9
328 -2
329 -1.6
330 -1.8
331 -2
332 -2.35714
333 -1.7
334 -1.9
335 -2.1
336 -1.5
337 -1.45714
338 -1.71429
339 -1.97143
340 -1.6
341 -1.5
342 -1.7
343 -1.9
344 -1.9
345 -1.6
346 -1.8
347 -2
348 -2.2
349 -1.7
350 -1.9
351 -2.1
352 0
353 -1.38462
354 -1.65385
355 -1.92308
356 -1.57143
357 -1.4
358 -1.6
359 -1.8
360 -1.92857
361 -1.5
362 -1.7
363 -1.9
364 -2.28571
365 -1.6
366 -1.8
367 -2
368 -1.5
369 -1.37143
370 -1.62857
371 -1.88571
372 -1.5
373 -1.4
374 -1.6
375 -1.8
376 -1.8
377 -1.5
378 -1.7
379 -1.9
380 -2.1
381 -1.6
382 -1.8
383 -2
384 0
385 0
386 0
387 0
388 0
389 -1.26923
390 -1.46154
391 -1.65385
392 0
393 -1.34615
394 -1.53846
395 -1.73077
396 0
397 -1.42308
398 -1.61538
399 -1.80769
400 0
401 -1.25
402 -1.5
403 -1.75
404 -1.28571
405 -1.28571
406 -1.48571
407 -1.68571
408 -1.57143
409 -1.37143
410 -1.57143
411 -1.77143
412 -1.85714
413 -1.45714
414 -1.65714
415 -1.85714
416 0
417 -1.34615
418 -1.61538
419 -1.88462
420 -1.42857
421 -1.4
422 -1.6
423 -1.8
424 -1.78571
425 -1.5
426 -1.7
427 -1.9
428 -2.14286
429 -1.6
430 -1.8
431 -2
432 -1
433 -1.34286
434 -1.6
435 -1.85714
436 -1.4
437 -1.4
438 -1.6
439 -1.8
440 -1.7
441 -1.5
442 -1.7
443 -1.9
444 -2
445 -1.6
446 -1.8
447 -2
448 0
449 -1.26923
450 -1.53846
451 -1.80769
452 -1.35714
453 -1.3
454 -1.5
455 -1.7
456 -1.71429
457 -1.4
458 -1.6
459 -1.8
460 -2.07143
461 -1.5
462 -1.7
463 -1.9
464 -1
465 -1.25714
466 -1.51429
467 -1.77143
468 -1.3
469 -1.3
470 -1.5
471 -1.7
472 -1.6
473 -1.4
474 -1.6
475 -1.8
476 -1.9
477 -1.5
478 -1.7
479 -1.9
480 0
481 -1.19231
482 -1.46154
483 -1.73077
484 -1.28571
485 -1.2
486 -1.4
487 -1.6
488 -1.64286
489 -1.3
490 -1.5
491 -1.7
492 -2
493 -1.4
494 -1.6
495 -1.8
496 -1
497 -1.17143
498 -1.42857
499 -1.68571
500 -1.2
501 -1.2
502 -1.4
503 -1.6
504 -1.5
505 -1.3
506 -1.5
507 -1.7
508 -1.8
509 -1.4
510 -1.6
511 -1.8
512 0
513 0
514 0
515 0
516 0
517 -1.64286
518 -1.78571
519 -1.92857
520 0
521 -1.71429
522 -1.85714
523 -2
524 0
525 -1.78571
526 -1.92857
527 -2.07143
528 0
529 -1.60526
530 -1.78947
531 -1.97368
532 -1.73077
533 -1.64286
534 -1.78571
535 -1.92857
536 -1.92308
537 -1.71429
538 -1.85714
539 -2
540 -2.11538
541 -1.78571
542 -1.92857
543 -2.07143
544 0
545 -1.60526
546 -1.81579
547 -2.02632
548 -1.75
549 -1.66102
550 -1.81356
551 -1.9661
552 -2
553 -1.74576
554 -1.89831
555 -2.05085
556 -2.25
557 -1.83051
558 -1.98305
559 -2.13559
560 -1.64286
561 -1.61538
562 -1.80769
563 -2
564 -1.74286
565 -1.66216
566 -1.81081
567 -1.95946
568 -1.94286
569 -1.74324
570 -1.89189
571 -2.04054
572 -2.14286
573 -1.82432
574 -1.97297
575 -2.12162
576 0
577 -1.57895
578 -1.78947
579 -2
580 -1.75
581 -1.61017
582 -1.76271
583 -1.91525
584 -2
585 -1.69492
586 -1.84746
587 -2
588 -2.25
589 -1.77966
590 -1.9322
591 -2.08475
592 -1.71429
593 -1.57692
594 -1.76923
595 -1.96154
596 -1.71429
597 -1.60811
598 -1.75676
599 -1.90541
600 -1.91429
601 -1.68919
602 -1.83784
603 -1.98649
604 -2.11429
605 -1.77027
606 -1.91892
607 -2.06757
608 0
609 -1.55263
610 -1.76316
611 -1.97368
612 -1.75
613 -1.55932
614 -1.71186
615 -1.86441
616 -2
617 -1.64407
618 -1.79661
619 -1.94915
620 -2.25
621 -1.72881
622 -1.88136
623 -2.0339
624 -1.78571
625 -1.53846
626 -1.73077
627 -1.92308
628 -1.68571
629 -1.55405
630 -1.7027
631 -1.85135
632 -1.88571
633 -1.63514
634 -1.78378
635 -1.93243
636 -2.08571
637 -1.71622
638 -1.86486
639 -2.01351
640 0
641 -1.64286
642 -1.85714
643 -2.07143
644 -1.80769
645 -1.70588
646 -1.85294
647 -2
648 -2.07692
649 -1.79412
650 -1.94118
651 -2.08824
652 -2.34615
653 -1.88235
654 -2.02941
655 -2.17647
656 -1.71429
657 -1.66102
658 -1.84746
659 -2.0339
660 -1.8
661 -1.7093
662 -1.84884
663 -1.98837
664 -2
665 -1.7907
666 -1.93023
667 -2.06977
668 -2.2
669 -1.87209
670 -2.01163
671 -2.15116
672 -1.5
673 -1.64286
674 -1.85714
675 -2.07143
676 -1.8
677 -1.7093
678 -1.86047
679 -2.01163
680 -2.05714
681 -1.80233
682 -1.95349
683 -2.10465
684 -2.31429
685 -1.89535
686 -2.04651
687 -2.19767
688 -1.7
689 -1.66216
690 -1.85135
691 -2.04054
692 -1.8
693 -1.71429
694 -1.85714
695 -2
696 -2
697 -1.8
698 -1.94286
699 -2.08571
700 -2.2
701 -1.88571
702 -2.02857
703 -2.17143
704 -2
705 -1.64286
706 -1.85714
707 -2.07143
708 -1.82857
709 -1.68605
710 -1.83721
711 -1.98837
712 -2.08571
713 -1.77907
714 -1.93023
715 -2.0814
716 -2.34286
717 -1.87209
718 -2.02326
719 -2.17442
720 -1.8
721 -1.64865
722 -1.83784
723 -2.02703
724 -1.8
725 -1.68571
726 -1.82857
727 -1.97143
728 -2
729 -1.77143
730 -1.91429
731 -2.05714
732 -2.2
733 -1.85714
734 -2
735 -2.14286
736 -2.5
737 -1.64286
738 -1.85714
739 -2.07143
740 -1.85714
741 -1.66279
742 -1.81395
743 -1.96512
744 -2.11429
745 -1.75581
746 -1.90698
747 -2.05814
748 -2.37143
749 -1.84884
750 -2
751 -2.15116
752 -1.9
753 -1.63514
754 -1.82432
755 -2.01351
756 -1.8
757 -1.65714
758 -1.8
759 -1.94286
760 -2
761 -1.74286
762 -1.88571
763 -2.02857
764 -2.2
765 -1.82857
766 -1.97143
767 -2.11429
768 0
769 -1.57143
770 -1.78571
771 -2
772 -1.73077
773 -1.61765
774 -1.76471
775 -1.91176
776 -2
777 -1.70588
778 -1.85294
779 -2
780 -2.26923
781 -1.79412
782 -1.94118
783 -2.08824
784 -1.64286
785 -1.57627
786 -1.76271
787 -1.94915
788 -1.7
789 -1.61628
790 -1.75581
791 -1.89535
792 -1.9
793 -1.69767
794 -1.83721
795 -1.97674
796 -2.1
797 -1.77907
798 -1.9186
799 -2.05814
800 -1.5
801 -1.57143
802 -1.78571
803 -2
804 -1.71429
805 -1.62791
806 -1.77907
807 -1.93023
808 -1.97143
809 -1.72093
810 -1.87209
811 -2.02326
812 -2.22857
813 -1.81395
814 -1.96512
815 -2.11628
816 -1.6
817 -1.58108
818 -1.77027
819 -1.95946
820 -1.7
821 -1.62857
822 -1.77143
823 -1.91429
824 -1.9
825 -1.71429
826 -1.85714
827 -2
828 -2.1
829 -1.8
830 -1.94286
831 -2.08571
832 -2
833 -1.57143
834 -1.78571
835 -2
836 -1.74286
837 -1.60465
838 -1.75581
839 -1.90698
840 -2
841 -1.69767
842 -1.84884
843 -2
844 -2.25714
845 -1.7907
846 -1.94186
847 -2.09302
848 -1.7
849 -1.56757
850 -1.75676
851 -1.94595
852 -1.7
853 -1.6
854 -1.74286
855 -1.88571
856 -1.9
857 -1.68571
858 -1.82857
859 -1.97143
860 -2.1
861 -1.77143
862 -1.91429
863 -2.05714
864 -2.5
865 -1.57143
866 -1.78571
867 -2
868 -1.77143
869 -1.5814
870 -1.73256
871 -1.88372
872 -2.02857
873 -1.67442
874 -1.82558
875 -1.97674
876 -2.28571
877 -1.76744
878 -1.9186
879 -2.06977
880 -1.8
881 -1.55405
882 -1.74324
883 -1.93243
884 -1.7
885 -1.57143
886 -1.71429
887 -1.85714
888 -1.9
889 -1.65714
890 -1.8
891 -1.94286
892 -2.1
893 -1.74286
894 -1.88571
895 -2.02857
896 0
897 -1.5
898 -1.71429
899 -1.92857
900 -1.65385
901 -1.52941
902 -1.67647
903 -1.82353
904 -1.92308
905 -1.61765
906 -1.76471
907 -1.91176
908 -2.19231
909 -1.70588
910 -1.85294
911 -2
912 -1.57143
913 -1.49153
914 -1.67797
915 -1.86441
916 -1.6
917 -1.52326
918 -1.66279
919 -1.80233
920 -1.8
921 -1.60465
922 -1.74419
923 -1.88372
924 -2
925 -1.68605
926 -1.82558
927 -1.96512
928 -1.5
929 -1.5
930 -1.71429
931 -1.92857
932 -1.62857
933 -1.54651
934 -1.69767
935 -1.84884
936 -1.88571
937 -1.63953
938 -1.7907
939 -1.94186
940 -2.14286
941 -1.73256
942 -1.88372
943 -2.03488
944 -1.5
945 -1.5
946 -1.68919
947 -1.87838
948 -1.6
949 -1.54286
950 -1.68571
951 -1.82857
952 -1.8
953 -1.62857
954 -1.77143
955 -1.91429
956 -2
957 -1.71429
958 -1.85714
959 -2
960 -2
961 -1.5
962 -1.71429
963 -1.92857
964 -1.65714
965 -1.52326
966 -1.67442
967 -1.82558
968 -1.91429
969 -1.61628
970 -1.76744
971 -1.9186
972 -2.17143
973 -1.7093
974 -1.86047
975 -2.01163
976 -1.6
977 -1.48649
978 -1.67568
979 -1.86486
980 -1.6
981 -1.51429
982 -1.65714
983 -1.8
984 -1.8
985 -1.6
986 -1.74286
987 -1.88571
988 -2
989 -1.68571
990 -1.82857
991 -1.97143
992 -2.5
993 -1.5
994 -1.71429
995 -1.92857
996 -1.68571
997 -1.5
998 -1.65116
999 -1.80233
1000 -1.94286
1001 -1.59302
1002 -1.74419
1003 -1.89535
1004 -2.2
1005 -1.68605
1006 -1.83721
1007 -1.98837
1008 -1.7
1009 -1.47297
1010 -1.66216
1011 -1.85135
1012 -1.6
1013 -1.48571
1014 -1.62857
1015 -1.77143
1016 -1.8
1017 -1.57143
1018 -1.71429
1019 -1.85714
1020 -2
1021 -1.65714
1022 -1.8
1023 -1.94286
1024 0
1025 0
1026 0
1027 0
1028 0
1029 -1.42857
1030 -1.57143
1031 -1.71429
1032 0
1033 -1.5
1034 -1.64286
1035 -1.78571
1036 0
1037 -1.57143
1038 -1.71429
1039 -1.85714
1040 0
1041 -1.39474
1042 -1.57895
1043 -1.76316
1044 -1.46154
1045 -1.42857
1046 -1.57143
1047 -1.71429
1048 -1.65385
1049 -1.5
1050 -1.64286
1051 -1.78571
1052 -1.84615
1053 -1.57143
1054 -1.71429
1055 -1.85714
1056 0
1057 -1.42105
1058 -1.63158
1059 -1.84211
1060 -1.5
1061 -1.47458
1062 -1.62712
1063 -1.77966
1064 -1.75
1065 -1.55932
1066 -1.71186
1067 -1.86441
1068 -2
1069 -1.64407
1070 -1.79661
1071 -1.94915
1072 -1.28571
1073 -1.42308
1074 -1.61538
1075 -1.80769
1076 -1.48571
1077 -1.47297
1078 -1.62162
1079 -1.77027
1080 -1.68571
1081 -1.55405
1082 -1.7027
1083 -1.85135
1084 -1.88571
1085 -1.63514
1086 -1.78378
1087 -1.93243
1088 0
1089 -1.39474
1090 -1.60526
1091 -1.81579
1092 -1.5
1093 -1.42373
1094 -1.57627
1095 -1.72881
1096 -1.75
1097 -1.50847
1098 -1.66102
1099 -1.81356
1100 -2
1101 -1.59322
1102 -1.74576
1103 -1.89831
1104 -1.35714
1105 -1.38462
1106 -1.57692
1107 -1.76923
1108 -1.45714
1109 -1.41892
1110 -1.56757
1111 -1.71622
1112 -1.65714
1113 -1.5
1114 -1.64865
1115 -1.7973
1116 -1.85714
1117 -1.58108
1118 -1.72973
1119 -1.87838
1120 0
1121 -1.36842
1122 -1.57895
1123 -1.78947
1124 -1.5
1125 -1.37288
1126 -1.52542
1127 -1.67797
1128 -1.75
1129 -1.45763
1130 -1.61017
1131 -1.76271
1132 -2
1133 -1.54237
1134 -1.69492
1135 -1.84746
1136 -1.42857
1137 -1.34615
1138 -1.53846
1139 -1.73077
1140 -1.42857
1141 -1.36486
1142 -1.51351
1143 -1.66216
1144 -1.62857
1145 -1.44595
1146 -1.59459
1147 -1.74324
1148 -1.82857
1149 -1.52703
1150 -1.67568
1151 -1.82432
1152 0
1153 -1.5
1154 -1.71429
1155 -1.92857
1156 -1.61538
1157 -1.55882
1158 -1.70588
1159 -1.85294
1160 -1.88462
1161 -1.64706
1162 -1.79412
1163 -1.94118
1164 -2.15385
1165 -1.73529
1166 -1.88235
1167 -2.02941
1168 -1.42857
1169 -1.50847
1170 -1.69492
1171 -1.88136
1172 -1.6
1173 -1.55814
1174 -1.69767
1175 -1.83721
1176 -1.8
1177 -1.63953
1178 -1.77907
1179 -1.9186
1180 -2
1181 -1.72093
1182 -1.86047
1183 -2
1184 -1
1185 -1.5
1186 -1.71429
1187 -1.92857
1188 -1.6
1189 -1.56977
1190 -1.72093
1191 -1.87209
1192 -1.85714
1193 -1.66279
1194 -1.81395
1195 -1.96512
1196 -2.11429
1197 -1.75581
1198 -1.90698
1199 -2.05814
1200 -1.4
1201 -1.51351
1202 -1.7027
1203 -1.89189
1204 -1.6
1205 -1.57143
1206 -1.71429
1207 -1.85714
1208 -1.8
1209 -1.65714
1210 -1.8
1211 -1.94286
1212 -2
1213 -1.74286
1214 -1.88571
1215 -2.02857
1216 -1.5
1217 -1.5
1218 -1.71429
1219 -1.92857
1220 -1.62857
1221 -1.54651
1222 -1.69767
1223 -1.84884
1224 -1.88571
1225 -1.63953
1226 -1.7907
1227 -1.94186
1228 -2.14286
1229 -1.73256
1230 -1.88372
1231 -2.03488
1232 -1.5
1233 -1.5
1234 -1.68919
1235 -1.87838
1236 -1.6
1237 -1.54286
1238 -1.68571
1239 -1.82857
1240 -1.8
1241 -1.62857
1242 -1.77143
1243 -1.91429
1244 -2
1245 -1.71429
1246 -1.85714
1247 -2
1248 -2
1249 -1.5
1250 -1.71429
1251 -1.92857
1252 -1.65714
1253 -1.52326
1254 -1.67442
1255 -1.82558
1256 -1.91429
1257 -1.61628
1258 -1.76744
1259 -1.9186
1260 -2.17143
1261 -1.7093
1262 -1.86047
1263 -2.01163
1264 -1.6
1265 -1.48649
1266 -1.67568
1267 -1.86486
1268 -1.6
1269 -1.51429
1270 -1.65714
1271 -1.8
1272 -1.8
1273 -1.6
1274 -1.74286
1275 -1.88571
1276 -2
1277 -1.68571
1278 -1.82857
1279 -1.97143
1280 0
1281 -1.42857
1282 -1.64286
1283 -1.85714
1284 -1.53846
1285 -1.47059
1286 -1.61765
1287 -1.76471
1288 -1.80769
1289 -1.55882
1290 -1.70588
1291 -1.85294
1292 -2.07692
1293 -1.64706
1294 -1.79412
1295 -1.94118
1296 -1.35714
1297 -1.42373
1298 -1.61017
1299 -1.79661
1300 -1.5
1301 -1.46512
1302 -1.60465
1303 -1.74419
1304 -1.7
1305 -1.54651
1306 -1.68605
1307 -1.82558
1308 -1.9
1309 -1.62791
1310 -1.76744
1311 -1.90698
1312 -1
1313 -1.42857
1314 -1.64286
1315 -1.85714
1316 -1.51429
1317 -1.48837
1318 -1.63953
1319 -1.7907
1320 -1.77143
1321 -1.5814
1322 -1.73256
1323 -1.88372
1324 -2.02857
1325 -1.67442
1326 -1.82558
1327 -1.97674
1328 -1.3
1329 -1.43243
1330 -1.62162
1331 -1.81081
1332 -1.5
1333 -1.48571
1334 -1.62857
1335 -1.77143
1336 -1.7
1337 -1.57143
1338 -1.71429
1339 -1.85714
1340 -1.9
1341 -1.65714
1342 -1.8
1343 -1.94286
1344 -1.5
1345 -1.42857
1346 -1.64286
1347 -1.85714
1348 -1.54286
1349 -1.46512
1350 -1.61628
1351 -1.76744
1352 -1.8
1353 -1.55814
1354 -1.7093
1355 -1.86047
1356 -2.05714
1357 -1.65116
1358 -1.80233
1359 -1.95349
1360 -1.4
1361 -1.41892
1362 -1.60811
1363 -1.7973
1364 -1.5
1365 -1.45714
1366 -1.6
1367 -1.74286
1368 -1.7
1369 -1.54286
1370 -1.68571
1371 -1.82857
1372 -1.9
1373 -1.62857
1374 -1.77143
1375 -1.91429
1376 -2
1377 -1.42857
1378 -1.64286
1379 -1.85714
1380 -1.57143
1381 -1.44186
1382 -1.59302
1383 -1.74419
1384 -1.82857
1385 -1.53488
1386 -1.68605
1387 -1.83721
1388 -2.08571
1389 -1.62791
1390 -1.77907
1391 -1.93023
1392 -1.5
1393 -1.40541
1394 -1.59459
1395 -1.78378
1396 -1.5
1397 -1.42857
1398 -1.57143
1399 -1.71429
1400 -1.7
1401 -1.51429
1402 -1.65714
1403 -1.8
1404 -1.9
1405 -1.6
1406 -1.74286
1407 -1.88571
1408 0
1409 -1.35714
1410 -1.57143
1411 -1.78571
1412 -1.46154
1413 -1.38235
1414 -1.52941
1415 -1.67647
1416 -1.73077
1417 -1.47059
1418 -1.61765
1419 -1.76471
1420 -2
1421 -1.55882
1422 -1.70588
1423 -1.85294
1424 -1.28571
1425 -1.33898
1426 -1.52542
1427 -1.71186
1428 -1.4
1429 -1.37209
1430 -1.51163
1431 -1.65116
1432 -1.6
1433 -1.45349
1434 -1.59302
1435 -1.73256
1436 -1.8
1437 -1.53488
1438 -1.67442
1439 -1.81395
1440 -1
1441 -1.35714
1442 -1.57143
1443 -1.78571
1444 -1.42857
1445 -1.40698
1446 -1.55814
1447 -1.7093
1448 -1.68571
1449 -1.5
1450 -1.65116
1451 -1.80233
1452 -1.94286
1453 -1.59302
1454 -1.74419
1455 -1.89535
1456 -1.2
1457 -1.35135
1458 -1.54054
1459 -1.72973
1460 -1.4
1461 -1.4
1462 -1.54286
1463 -1.68571
1464 -1.6
1465 -1.48571
1466 -1.62857
1467 -1.77143
1468 -1.8
1469 -1.57143
1470 -1.71429
1471 -1.85714
1472 -1.5
1473 -1.35714
1474 -1.57143
1475 -1.78571
1476 -1.45714
1477 -1.38372
1478 -1.53488
1479 -1.68605
1480 -1.71429
1481 -1.47674
1482 -1.62791
1483 -1.77907
1484 -1.97143
1485 -1.56977
1486 -1.72093
1487 -1.87209
1488 -1.3
1489 -1.33784
1490 -1.52703
1491 -1.71622
1492 -1.4
1493 -1.37143
1494 -1.51429
1495 -1.65714
1496 -1.6
1497 -1.45714
1498 -1.6
1499 -1.74286
1500 -1.8
1501 -1.54286
1502 -1.68571
1503 -1.82857
1504 -2
1505 -1.35714
1506 -1.57143
1507 -1.78571
1508 -1.48571
1509 -1.36047
1510 -1.51163
1511 -1.66279
1512 -1.74286
1513 -1.45349
1514 -1.60465
1515 -1.75581
1516 -2
1517 -1.54651
1518 -1.69767
1519 -1.84884
1520 -1.4
1521 -1.32432
1522 -1.51351
1523 -1.7027
1524 -1.4
1525 -1.34286
1526 -1.48571
1527 -1.62857
1528 -1.6
1529 -1.42857
1530 -1.57143
1531 -1.71429
1532 -1.8
1533 -1.51429
1534 -1.65714
1535 -1.8
1536 0
1537 0
1538 0
1539 0
1540 0
1541 -1.21429
1542 -1.35714
1543 -1.5
1544 0
1545 -1.28571
1546 -1.42857
1547 -1.57143
1548 0
1549 -1.35714
1550 -1.5
1551 -1.64286
1552 0
1553 -1.18421
1554 -1.36842
1555 -1.55263
1556 -1.19231
1557 -1.21429
1558 -1.35714
1559 -1.5
1560 -1.38462
1561 -1.28571
1562 -1.42857
1563 -1.57143
1564 -1.57692
1565 -1.35714
1566 -1.5
1567 -1.64286
1568 0
1569 -1.23684
1570 -1.44737
1571 -1.65789
1572 -1.25
1573 -1.28814
1574 -1.44068
1575 -1.59322
1576 -1.5
1577 -1.37288
1578 -1.52542
1579 -1.67797
1580 -1.75
1581 -1.45763
1582 -1.61017
1583 -1.76271
1584 -0.928571
1585 -1.23077
1586 -1.42308
1587 -1.61538
1588 -1.22857
1589 -1.28378
1590 -1.43243
1591 -1.58108
1592 -1.42857
1593 -1.36486
1594 -1.51351
1595 -1.66216
1596 -1.62857
1597 -1.44595
1598 -1.59459
1599 -1.74324
1600 0
1601 -1.21053
1602 -1.42105
1603 -1.63158
1604 -1.25
1605 -1.23729
1606 -1.38983
1607 -1.54237
1608 -1.5
1609 -1.32203
1610 -1.47458
1611 -1.62712
1612 -1.75
1613 -1.40678
1614 -1.55932
1615 -1.71186
1616 -1
1617 -1.19231
1618 -1.38462
1619 -1.57692
1620 -1.2
1621 -1.22973
1622 -1.37838
1623 -1.52703
1624 -1.4
1625 -1.31081
1626 -1.45946
1627 -1.60811
1628 -1.6
1629 -1.39189
1630 -1.54054
1631 -1.68919
1632 0
1633 -1.18421
1634 -1.39474
1635 -1.60526
1636 -1.25
1637 -1.18644
1638 -1.33898
1639 -1.49153
1640 -1.5
1641 -1.27119
1642 -1.42373
1643 -1.57627
1644 -1.75
1645 -1.35593
1646 -1.50847
1647 -1.66102
1648 -1.07143
1649 -1.15385
1650 -1.34615
1651 -1.53846
1652 -1.17143
1653 -1.17568
1654 -1.32432
1655 -1.47297
1656 -1.37143
1657 -1.25676
1658 -1.40541
1659 -1.55405
1660 -1.57143
1661 -1.33784
1662 -1.48649
1663 -1.63514
1664 0
1665 -1.35714
1666 -1.57143
1667 -1.78571
1668 -1.42308
1669 -1.41176
1670 -1.55882
1671 -1.70588
1672 -1.69231
1673 -1.5
1674 -1.64706
1675 -1.79412
1676 -1.96154
1677 -1.58824
1678 -1.73529
1679 -1.88235
1680 -1.14286
1681 -1.35593
1682 -1.54237
1683 -1.72881
1684 -1.4
1685 -1.40698
1686 -1.54651
1687 -1.68605
1688 -1.6
1689 -1.48837
1690 -1.62791
1691 -1.76744
1692 -1.8
1693 -1.56977
1694 -1.7093
1695 -1.84884
1696 -0.5
1697 -1.35714
1698 -1.57143
1699 -1.78571
1700 -1.4
1701 -1.43023
1702 -1.5814
1703 -1.73256
1704 -1.65714
1705 -1.52326
1706 -1.67442
1707 -1.82558
1708 -1.91429
1709 -1.61628
1710 -1.76744
1711 -1.9186
1712 -1.1
1713 -1.36486
1714 -1.55405
1715 -1.74324
1716 -1.4
1717 -1.42857
1718 -1.57143
1719 -1.71429
1720 -1.6
1721 -1.51429
1722 -1.65714
1723 -1.8
1724 -1.8
1725 -1.6
1726 -1.74286
1727 -1.88571
1728 -1
1729 -1.35714
1730 -1.57143
1731 -1.78571
1732 -1.42857
1733 -1.40698
1734 -1.55814
1735 -1.7093
1736 -1.68571
1737 -1.5
1738 -1.65116
1739 -1.80233
1740 -1.94286
1741 -1.59302
1742 -1.74419
1743 -1.89535
1744 -1.2
1745 -1.35135
1746 -1.54054
1747 -1.72973
1748 -1.4
1749 -1.4
1750 -1.54286
1751 -1.68571
1752 -1.6
1753 -1.48571
1754 -1.62857
1755 -1.77143
1756 -1.8
1757 -1.57143
1758 -1.71429
1759 -1.85714
1760 -1.5
1761 -1.35714
1762 -1.57143
1763 -1.78571
1764 -1.45714
1765 -1.38372
1766 -1.53488
1767 -1.68605
1768 -1.71429
1769 -1.47674
1770 -1.62791
1771 -1.77907
1772 -1.97143
1773 -1.56977
1774 -1.72093
1775 -1.87209
1776 -1.3
1777 -1.33784
1778 -1.52703
1779 -1.71622
1780 -1.4
1781 -1.37143
1782 -1.51429
1783 -1.65714
1784 -1.6
1785 -1.45714
1786 -1.6
1787 -1.74286
1788 -1.8
1789 -1.54286
1790 -1.68571
1791 -1.82857
1792 0
1793 -1.28571
1794 -1.5
1795 -1.71429
1796 -1.34615
1797 -1.32353
1798 -1.47059
1799 -1.61765
1800 -1.61538
1801 -1.41176
1802 -1.55882
1803 -1.70588
1804 -1.88462
1805 -1.5
1806 -1.64706
1807 -1.79412
1808 -1.07143
1809 -1.27119
1810 -1.45763
1811 -1.64407
1812 -1.3
1813 -1.31395
1814 -1.45349
1815 -1.59302
1816 -1.5
1817 -1.39535
1818 -1.53488
1819 -1.67442
1820 -1.7
1821 -1.47674
1822 -1.61628
1823 -1.75581
1824 -0.5
1825 -1.28571
1826 -1.5
1827 -1.71429
1828 -1.31429
1829 -1.34884
1830 -1.5
1831 -1.65116
1832 -1.57143
1833 -1.44186
1834 -1.59302
1835 -1.74419
1836 -1.82857
1837 -1.53488
1838 -1.68605
1839 -1.83721
1840 -1
1841 -1.28378
1842 -1.47297
1843 -1.66216
1844 -1.3
1845 -1.34286
1846 -1.48571
1847 -1.62857
1848 -1.5
1849 -1.42857
1850 -1.57143
1851 -1.71429
1852 -1.7
1853 -1.51429
1854 -1.65714
1855 -1.8
1856 -1
1857 -1.28571
1858 -1.5
1859 -1.71429
1860 -1.34286
1861 -1.32558
1862 -1.47674
1863 -1.62791
1864 -1.6
1865 -1.4186
1866 -1.56977
1867 -1.72093
1868 -1.85714
1869 -1.51163
1870 -1.66279
1871 -1.81395
1872 -1.1
1873 -1.27027
1874 -1.45946
1875 -1.64865
1876 -1.3
1877 -1.31429
1878 -1.45714
1879 -1.6
1880 -1.5
1881 -1.4
1882 -1.54286
1883 -1.68571
1884 -1.7
1885 -1.48571
1886 -1.62857
1887 -1.77143
1888 -1.5
1889 -1.28571
1890 -1.5
1891 -1.71429
1892 -1.37143
1893 -1.30233
1894 -1.45349
1895 -1.60465
1896 -1.62857
1897 -1.39535
1898 -1.54651
1899 -1.69767
1900 -1.88571
1901 -1.48837
1902 -1.63953
1903 -1.7907
1904 -1.2
1905 -1.25676
1906 -1.44595
1907 -1.63514
1908 -1.3
1909 -1.28571
1910 -1.42857
1911 -1.57143
1912 -1.5
1913 -1.37143
1914 -1.51429
1915 -1.65714
1916 -1.7
1917 -1.45714
1918 -1.6
1919 -1.74286
1920 0
1921 -1.21429
1922 -1.42857
1923 -1.64286
1924 -1.26923
1925 -1.23529
1926 -1.38235
1927 -1.52941
1928 -1.53846
1929 -1.32353
1930 -1.47059
1931 -1.61765
1932 -1.80769
1933 -1.41176
1934 -1.55882
1935 -1.70588
1936 -1
1937 -1.18644
1938 -1.37288
1939 -1.55932
1940 -1.2
1941 -1.22093
1942 -1.36047
1943 -1.5
1944 -1.4
1945 -1.30233
1946 -1.44186
1947 -1.5814
1948 -1.6
1949 -1.38372
1950 -1.52326
1951 -1.66279
1952 -0.5
1953 -1.21429
1954 -1.42857
1955 -1.64286
1956 -1.22857
1957 -1.26744
1958 -1.4186
1959 -1.56977
1960 -1.48571
1961 -1.36047
1962 -1.51163
1963 -1.66279
1964 -1.74286
1965 -1.45349
1966 -1.60465
1967 -1.75581
1968 -0.9
1969 -1.2027
1970 -1.39189
1971 -1.58108
1972 -1.2
1973 -1.25714
1974 -1.4
1975 -1.54286
1976 -1.4
1977 -1.34286
1978 -1.48571
1979 -1.62857
1980 -1.6
1981 -1.42857
1982 -1.57143
1983 -1.71429
1984 -1
1985 -1.21429
1986 -1.42857
1987 -1.64286
1988 -1.25714
1989 -1.24419
1990 -1.39535
1991 -1.54651
1992 -1.51429
1993 -1.33721
1994 -1.48837
1995 -1.63953
1996 -1.77143
1997 -1.43023
1998 -1.5814
1999 -1.73256
2000 -1
2001 -1.18919
2002 -1.37838
2003 -1.56757
2004 -1.2
2005 -1.22857
2006 -1.37143
2007 -1.51429
2008 -1.4
2009 -1.31429
2010 -1.45714
2011 -1.6
2012 -1.6
2013 -1.4
2014 -1.54286
2015 -1.68571
2016 -1.5
2017 -1.21429
2018 -1.42857
2019 -1.64286
2020 -1.28571
2021 -1.22093
2022 -1.37209
2023 -1.52326
2024 -1.54286
2025 -1.31395
2026 -1.46512
2027 -1.61628
2028 -1.8
2029 -1.40698
2030 -1.55814
2031 -1.7093
2032 -1.1
2033 -1.17567
2034 -1.36486
2035 -1.55405
2036 -1.2
2037 -1.2
2038 -1.34286
2039 -1.48571
2040 -1.4
2041 -1.28571
2042 -1.42857
2043 -1.57143
2044 -1.6
2045 -1.37143
2046 -1.51429
2047 -1.65714
